17 18 27
1 1 -45
1 3 -1
2 10 -25
3 1 -5
3 6 25
3 13 23
3 18 -16
4 6 91
5 7 -39
6 9 10
6 18 29
8 5 97
9 4 15
9 12 -58
10 4 96
11 15 99
13 3 36
13 9 76
13 16 -69
13 18 -76
14 4 -29
14 12 -124
15 10 -3
16 2 8
16 15 -92
17 2 94
17 12 63

18 22 37
1 4 90
1 8 -59
1 16 94
2 12 -54
2 17 78
3 16 82
3 19 1
3 20 -67
4 9 -14
5 12 30
6 3 40
6 7 -92
8 1 64
8 3 50
8 7 27
8 9 -86
8 12 -15
9 2 62
9 6 -61
9 7 46
9 16 70
9 19 11
10 14 24
10 15 93
11 20 -45
12 20 -17
13 4 -90
13 9 -77
14 1 50
14 3 83
14 7 100
15 4 -69
15 13 19
16 4 25
16 21 33
18 1 38
18 20 71
