17 29 45
1 3 71
1 7 39
1 13 -95
1 14 -77
2 3 97
2 9 -59
2 13 36
2 14 73
3 19 29
3 21 23
3 27 75
4 1 -67
4 3 35
4 6 30
4 11 -52
4 19 -63
5 18 -61
5 29 64
7 8 -53
7 14 35
8 14 27
9 2 88
9 3 -86
9 4 41
9 16 -14
9 18 -57
10 6 -33
10 7 -51
10 24 87
10 28 25
11 13 99
11 15 25
11 17 40
12 1 105
12 3 -58
13 19 72
13 21 -61
14 29 26
15 5 41
15 10 -16
15 16 97
15 18 -94
15 26 62
16 8 -25
17 2 -27

29 20 56
1 2 -30
2 9 68
2 19 -70
3 4 -14
3 7 12
3 9 -28
3 13 13
3 15 2
4 12 -41
4 16 -46
5 1 -45
5 11 98
5 17 62
6 2 4
6 3 12
6 4 2
6 13 -19
7 6 -54
7 17 37
8 13 76
9 6 29
9 19 53
10 7 45
10 12 -38
11 8 1
12 19 83
13 4 -36
13 7 -99
13 9 -72
14 3 119
14 14 -43
15 2 93
15 11 2
16 10 5
17 15 -57
17 20 93
19 19 54
20 12 31
21 12 -90
21 13 53
22 4 50
22 14 41
23 3 -9
23 4 7
23 5 -19
23 6 -90
23 19 -55
24 1 -46
24 8 5
24 11 50
25 9 93
25 13 -27
25 16 -65
26 6 76
27 2 -50
29 1 49
