32 40 123
1 38 19
2 6 59
2 9 -42
2 25 10
2 36 -16
3 2 19
3 8 9
3 14 -75
3 17 21
3 30 -93
4 4 46
4 28 -82
5 7 78
5 9 59
5 10 -68
5 12 -17
5 15 81
6 3 -62
6 11 29
6 30 31
6 36 -95
7 9 -52
7 20 9
7 29 -19
7 37 63
8 13 -88
8 29 -24
8 30 36
9 13 -9
9 21 61
9 33 86
10 3 24
10 8 -43
10 13 61
10 16 69
10 31 -15
10 37 -15
11 1 72
11 5 3
11 8 -99
11 16 -76
11 27 89
11 28 78
11 30 -23
12 23 -32
12 30 38
12 35 -40
13 1 79
13 13 -50
13 30 -51
13 31 -2
13 33 55
13 35 -4
14 6 -48
14 14 -87
14 16 56
14 21 -84
15 27 -60
15 34 25
16 10 -65
16 14 90
17 1 -19
17 9 -83
17 26 9
17 31 15
18 6 53
18 34 -35
19 11 -6
19 25 -96
19 35 -86
19 36 -62
20 26 39
21 7 -20
21 9 -92
21 24 -60
21 37 91
22 10 20
22 40 39
23 2 -90
23 11 -73
23 17 91
23 19 -47
23 20 33
23 32 -62
24 25 22
24 35 -82
25 11 -9
25 40 -29
26 5 38
26 7 -67
26 15 -4
26 17 -38
26 35 -99
26 38 -71
27 4 32
27 8 -82
27 17 -17
27 21 -72
27 40 -13
28 4 -29
28 15 -78
28 16 63
29 2 60
29 7 -22
29 8 27
29 15 48
29 22 91
29 27 -11
29 32 97
30 2 66
30 11 -62
30 14 -10
30 24 80
30 26 -17
30 35 -10
31 14 -26
31 23 -47
31 24 76
31 35 94
31 38 44
32 17 -49
32 22 16
32 37 44

40 40 150
1 6 -32
1 7 -79
1 11 -49
1 12 34
1 15 91
1 16 -10
1 20 100
2 2 100
2 17 91
2 22 56
3 1 37
3 9 -55
3 10 -24
3 11 42
3 14 -84
3 29 -81
4 2 66
4 10 -15
4 37 41
5 2 28
5 9 -7
5 13 -64
5 38 -7
5 39 -36
6 4 -39
6 11 96
6 13 33
6 14 -9
6 32 9
6 34 -75
6 39 81
7 12 -67
7 18 18
7 37 60
8 7 77
9 8 9
9 16 80
9 19 69
9 25 98
9 34 33
10 2 -96
10 5 -168
10 8 82
10 16 42
10 21 6
10 22 -13
10 31 50
11 20 -55
12 17 -80
12 35 34
13 8 33
13 12 64
13 23 -29
13 34 -41
13 37 52
14 3 36
14 6 38
14 7 -79
15 20 -99
15 32 -58
15 39 45
16 6 -97
16 8 97
16 11 100
16 30 -58
16 32 -74
16 34 39
17 16 63
18 21 95
18 22 83
18 29 4
18 39 180
19 18 35
19 20 -7
19 32 -48
20 12 78
21 13 49
21 40 -91
22 8 91
22 11 34
22 24 57
22 33 -7
22 35 -14
23 13 52
23 14 -1
23 22 -23
23 27 87
24 11 -8
24 20 -54
24 26 -79
24 34 -81
25 2 -24
25 21 88
25 28 62
26 7 -100
26 8 68
26 15 83
26 22 -96
26 34 -67
26 38 -19
27 3 56
27 33 -22
27 35 74
28 1 -28
28 6 32
28 26 80
28 28 -45
28 36 67
29 2 69
29 12 -101
29 15 61
29 30 85
30 13 65
31 3 66
31 4 -66
31 6 -48
31 24 90
31 32 60
32 3 56
32 22 -82
32 33 -72
33 11 -50
33 17 -68
33 27 94
33 28 -85
34 13 -12
34 21 -98
34 22 88
34 34 30
35 1 98
35 3 12
35 11 91
35 21 98
36 1 77
36 27 87
37 3 33
37 19 -94
37 21 -16
37 26 -10
37 31 -83
37 34 -100
37 35 92
37 39 79
38 7 71
39 10 36
39 39 41
40 10 96
40 17 -81
40 19 90
40 21 79
