31 41 124
1 7 35
1 12 90
1 28 47
1 35 -71
1 38 83
2 38 31
3 15 75
3 23 -44
3 24 12
3 26 -48
3 30 -30
3 31 -30
3 38 -8
4 15 59
4 25 -12
4 31 92
5 3 3
5 12 -87
5 28 80
5 34 -83
6 30 -20
6 39 -62
7 4 -70
7 7 -91
7 24 87
7 36 96
7 40 34
7 41 -80
8 21 84
8 31 98
8 33 -4
9 2 -36
9 3 40
9 9 63
9 20 32
9 27 15
9 35 -14
9 40 -4
10 4 -78
10 6 65
11 31 -72
11 33 -24
12 10 -44
12 11 -62
12 13 86
12 25 -93
13 11 63
13 19 -94
13 36 68
13 39 -24
14 16 59
14 37 -74
15 2 78
15 3 -4
15 11 -67
15 18 -33
15 24 66
16 6 -4
16 8 82
16 10 98
16 15 72
16 20 -33
16 23 73
16 24 -79
17 5 60
17 9 87
17 18 67
17 20 -39
17 26 -76
17 39 48
18 10 55
18 16 -96
18 17 78
18 19 22
18 20 -62
18 21 -66
18 24 34
18 37 -30
19 21 49
19 29 -68
19 30 -2
19 40 -42
20 16 66
20 19 58
20 28 -91
20 36 82
20 38 29
21 3 -31
22 16 -85
22 28 -71
22 32 32
22 37 29
23 1 -12
23 18 19
24 5 -1
24 19 9
24 32 21
24 33 99
24 34 -8
25 14 -139
25 16 12
26 12 19
26 36 -4
27 1 84
27 5 79
27 6 -35
27 13 -29
27 17 -73
27 39 -4
28 26 48
29 6 -100
29 8 -61
29 12 91
29 21 -43
29 22 72
29 26 80
29 36 -1
30 4 -39
30 11 -90
30 17 100
30 27 46
30 29 84
31 19 -46
31 28 34

41 48 186
1 2 -94
1 4 -43
1 25 -3
2 1 84
2 13 96
2 27 25
2 34 -99
2 36 -76
2 37 25
2 41 49
3 5 78
3 7 55
3 35 31
3 44 60
4 10 -79
4 21 1
4 33 94
4 35 -7
4 37 32
5 4 63
5 13 76
5 30 -34
5 41 -63
6 19 8
6 47 72
6 48 30
7 4 78
7 6 65
7 17 55
7 28 61
8 26 -88
8 34 -130
9 4 -94
9 31 26
9 43 -27
10 2 -122
10 6 -49
10 10 10
10 30 41
10 32 38
11 20 29
12 6 -72
12 31 -39
12 36 -6
12 41 40
13 4 -54
13 17 52
13 26 24
13 31 47
14 10 -86
14 25 -95
14 30 98
14 40 -79
14 42 -24
15 19 99
15 24 10
15 35 31
15 48 -72
16 8 -70
16 27 38
16 29 -1
16 38 -86
16 42 -55
16 44 44
16 48 55
17 8 30
17 26 -38
17 43 81
17 47 -42
18 9 -5
18 26 -86
18 43 24
19 26 97
19 39 -43
19 40 -46
20 2 -5
20 4 62
20 8 -14
20 23 73
20 35 45
20 47 24
21 2 -99
21 7 -98
21 32 73
21 36 -94
21 39 -25
21 42 -74
22 4 -77
22 12 -16
22 13 -9
22 20 93
22 23 54
22 25 83
22 30 -35
22 37 -115
22 39 -24
22 43 130
22 47 -74
23 7 14
23 15 -43
23 16 -11
23 18 -22
23 36 65
23 39 13
24 2 27
24 6 -72
24 10 21
24 20 -60
24 22 68
24 25 33
24 31 -40
24 41 6
24 48 39
25 4 73
25 19 19
25 24 -5
25 34 16
26 8 -41
26 12 72
26 42 -63
26 44 89
27 2 41
27 9 -65
27 19 -76
27 42 44
28 16 -94
29 3 -22
29 7 -41
29 18 -86
29 21 -89
29 27 -15
29 35 -72
30 6 82
30 7 57
30 41 56
31 1 80
31 13 -28
31 16 57
31 21 79
32 21 -96
32 35 -89
33 6 -61
33 16 -46
33 28 29
34 16 -1
34 20 -22
34 35 -36
35 43 6
35 47 -30
35 48 81
36 2 -8
36 22 43
36 31 88
36 36 61
36 44 22
37 5 40
37 13 -1
37 15 -91
37 16 -71
37 25 62
38 10 -36
38 12 -80
38 16 41
38 24 25
38 43 80
39 1 79
39 20 78
39 25 28
39 26 -32
39 35 -34
39 47 -88
40 8 -18
40 13 12
40 18 95
40 26 -18
40 29 -56
40 33 12
40 40 -85
40 41 51
40 43 -16
40 46 -3
41 2 44
41 6 7
41 7 -6
41 15 -90
41 48 32
