67 44 280
1 4 78
1 15 -100
1 21 -2
1 34 -71
1 39 77
2 6 -41
2 29 -50
2 33 49
2 37 -76
3 2 46
3 3 60
3 16 93
3 32 -56
3 33 -77
3 36 42
4 3 -25
4 7 -28
4 11 -2
4 12 68
4 15 -19
4 20 -1
4 32 98
4 34 -9
5 21 -47
5 22 17
6 9 57
6 14 -24
7 15 -97
7 27 -88
7 39 36
7 41 -28
8 9 15
8 15 -83
8 19 88
8 26 -15
8 42 56
9 9 42
9 16 -100
9 20 -20
9 22 99
9 23 -62
10 26 34
10 32 -38
11 3 88
11 38 100
12 1 52
12 3 -19
12 7 -97
12 11 -61
12 20 -67
12 33 -36
13 3 37
13 6 -85
13 12 -43
13 23 -58
13 27 95
13 34 45
13 43 34
14 6 53
14 10 32
14 27 -39
15 22 132
15 29 25
16 6 81
16 8 32
16 22 -15
16 25 -1
16 28 31
16 36 33
16 44 13
17 11 -56
17 14 94
17 30 -95
17 41 -87
18 2 59
18 19 83
18 32 -96
18 43 -26
19 2 -96
19 11 36
19 12 76
19 21 79
19 22 -21
19 28 39
19 34 32
19 36 96
19 37 -32
19 40 -38
20 2 2
20 4 -9
20 9 -84
20 19 -89
20 24 -26
20 28 99
20 34 61
20 35 -7
20 37 68
21 1 99
21 11 -46
21 14 -96
21 18 -84
21 20 -89
21 21 85
21 35 12
21 36 70
22 3 -83
22 39 -40
23 40 77
24 9 1
24 22 -10
24 38 66
24 44 -17
25 3 63
25 9 76
25 19 -171
25 26 62
26 3 -91
26 5 21
26 7 11
26 14 10
26 23 61
27 14 71
27 32 26
27 35 -70
27 41 -86
27 42 -10
28 37 22
28 38 31
29 8 62
29 16 -88
29 26 -16
29 37 53
29 38 -81
30 11 31
30 29 94
30 35 23
30 36 -49
31 1 -100
31 18 -67
31 25 21
31 33 -5
31 39 -80
31 41 -26
32 5 -11
32 37 32
33 13 37
33 32 -60
33 35 -28
33 41 1
33 42 28
34 3 -70
34 9 -43
34 20 28
34 22 -18
34 26 -48
34 31 99
34 41 -89
35 13 21
35 29 35
35 35 84
35 36 38
36 3 19
36 4 22
36 6 51
36 22 4
36 23 -59
36 32 -77
37 7 44
37 17 -75
37 32 6
38 43 -89
39 17 -24
39 31 78
39 42 -51
40 36 -45
40 41 40
41 13 92
41 19 23
41 42 30
41 43 29
42 2 -74
42 6 40
42 30 -83
42 38 55
42 39 61
43 11 82
43 21 -62
43 22 7
43 28 83
43 37 5
44 42 51
45 5 -10
45 18 6
45 32 -100
46 15 36
46 24 83
47 8 -70
47 28 77
48 2 8
48 3 62
48 12 -38
48 30 -51
48 44 -14
49 9 58
49 11 -6
49 15 -89
49 27 -50
49 32 26
50 25 -44
50 29 -63
51 1 80
51 12 -31
51 16 10
51 17 31
51 19 -97
51 25 86
51 30 79
51 44 -22
52 9 -37
53 6 67
53 10 -31
53 18 47
53 20 97
53 22 98
53 30 -97
53 35 41
53 43 -92
54 15 99
54 35 -94
55 21 -89
55 24 36
56 5 27
56 9 -10
56 28 -6
56 30 77
56 35 -71
57 3 -33
57 8 -80
57 9 69
57 16 -1
57 40 -6
58 13 33
58 17 -64
58 23 14
58 33 -82
58 36 31
59 15 38
59 27 85
59 29 -78
59 44 -31
60 4 -84
60 41 -38
61 7 74
61 43 107
62 7 -39
62 10 33
62 29 4
63 4 41
63 16 97
63 17 -47
63 28 -48
63 38 -33
64 1 93
64 4 -79
64 7 -7
64 22 69
64 26 86
65 1 39
65 14 -67
65 15 51
65 26 -73
65 28 -71
65 31 92
65 34 -26
66 6 28
66 32 51
66 35 -15
66 37 -53
67 18 -9
67 43 -61

44 63 268
1 8 -49
1 34 84
1 47 42
1 52 21
1 57 -25
2 6 81
2 11 -61
2 19 67
2 24 81
2 35 71
2 40 -72
3 2 -50
3 22 -79
3 60 -76
4 12 -68
4 21 2
4 30 -2
4 34 -77
4 41 -63
5 3 -66
5 13 74
5 28 70
5 34 68
5 45 66
5 61 20
6 26 -29
6 42 28
6 62 -64
7 4 -77
7 9 84
7 14 11
7 21 -46
7 30 23
7 38 -88
7 56 96
7 59 4
8 23 -87
8 30 48
8 44 -27
8 46 28
8 51 -85
8 56 -52
9 13 53
9 18 -13
9 20 39
9 30 79
9 45 -92
9 47 86
10 5 -98
10 7 26
10 26 -99
10 43 40
10 57 -69
11 11 54
11 13 19
11 18 -33
11 34 -51
11 35 -83
11 48 -60
11 56 95
12 22 -42
12 47 -77
12 49 -36
12 62 -65
13 15 98
13 52 83
13 60 -20
14 11 -96
14 18 40
14 24 68
14 27 -49
14 29 57
14 33 -57
14 58 -118
14 59 84
15 23 58
15 31 -6
15 34 95
15 36 76
16 6 -62
16 11 30
16 13 57
16 28 48
16 40 -33
16 52 -36
17 3 -70
17 4 -72
17 9 16
17 13 -17
17 17 85
17 20 -7
17 22 34
17 28 65
17 30 -3
17 37 -68
17 39 -9
17 52 11
17 60 -97
18 10 66
18 12 -41
18 24 -17
18 29 -61
18 39 1
18 41 -46
18 46 24
18 54 74
19 7 78
19 10 19
19 12 -3
19 22 86
19 26 79
19 31 13
19 57 32
20 4 63
20 5 -97
20 6 -36
20 9 -98
20 10 -50
20 14 48
20 16 72
20 19 91
20 26 32
20 31 -45
20 48 -72
20 55 -78
21 31 58
21 61 94
22 10 2
22 12 11
22 24 37
22 41 7
22 48 -6
22 51 -22
23 3 87
23 5 -64
23 23 -89
23 42 -43
23 54 84
23 55 -23
24 10 -73
24 15 6
24 30 -16
24 47 -94
24 55 72
25 17 37
25 45 26
26 31 85
26 33 71
26 51 34
27 10 -94
27 44 38
27 51 77
28 5 71
28 21 61
28 31 -68
28 38 24
28 51 -10
28 58 -61
29 1 -64
29 27 -37
29 35 -13
29 51 -96
29 58 72
30 8 -32
30 9 -147
30 15 95
30 45 -28
30 46 -1
30 47 30
30 50 -73
31 17 -76
31 29 -58
31 31 -41
31 33 6
31 54 16
32 5 97
32 6 -91
32 21 -40
32 39 87
32 51 1
32 56 2
33 2 -48
33 7 87
33 20 85
33 21 72
33 25 91
33 35 -41
33 39 3
33 45 3
34 6 -95
34 13 -60
34 41 24
34 48 -1
34 59 -67
34 62 13
35 8 -32
35 28 91
35 29 -84
35 41 -63
35 51 59
35 59 96
36 2 -49
36 16 -65
36 31 -77
36 38 -66
36 61 -43
37 3 -96
37 13 -51
37 20 -54
37 26 132
37 28 -69
37 46 -3
37 50 61
37 60 -94
38 2 -90
38 18 -57
38 30 89
38 33 8
38 41 -48
38 47 -59
38 56 -56
39 12 -12
39 15 63
39 23 74
39 38 -66
39 47 -45
39 51 76
40 7 9
40 10 22
40 11 79
40 26 84
40 30 29
40 50 -6
40 53 -31
41 2 56
41 4 -57
41 7 48
41 21 2
41 28 -11
41 36 -73
41 51 -26
41 55 35
41 62 28
42 4 -20
42 7 -7
42 21 45
42 23 -91
42 35 -40
42 36 -5
42 37 70
42 43 -83
42 48 -86
43 6 69
43 12 73
43 13 -100
43 17 58
43 18 -24
43 21 -72
43 23 41
43 25 96
43 34 8
43 43 70
44 2 10
44 21 75
44 32 -50
44 35 -77
44 37 61
44 52 -40
