100
1 1 -61
1 1 -51
1 1 -52
2 -61
1 1 57
2 -71
1 1 40
1 1 90
1 1 -98
1 1 71
1 1 -73
2 -51
1 1 -66
1 1 33
1 1 98
1 1 -63
2 33
2 -73
1 1 9
1 1 -51
1 1 83
1 1 64
1 1 -83
1 1 -28
2 -28
2 83
1 1 -76
3 13 45
1 1 -92
1 1 -96
1 1 -29
2 64
1 1 -24
2 83
2 64
2 -76
3 23 68
1 1 63
2 -96
2 -92
1 1 65
1 1 40
1 1 67
2 65
1 1 -52
2 63
1 1 68
2 -96
1 1 48
2 -52
1 1 -82
2 63
2 68
1 1 -3
1 1 53
1 1 -85
1 1 91
1 1 44
2 67
2 -85
1 1 86
1 1 -30
1 1 -2
2 -85
1 1 -24
2 -30
3 -90 77
3 -94 -9
1 1 -82
2 86
2 44
1 1 78
1 1 -57
2 44
1 1 -51
1 1 -36
1 1 -59
1 1 11
3 -83 56
2 -59
2 -82
2 -36
1 1 -54
1 1 -36
1 1 -10
2 -54
1 1 66
3 29 98
1 1 -75
2 -54
1 1 -80
1 1 -56
1 1 -42
1 1 -93
1 1 -41
1 1 -19
1 1 63
2 -56
2 -41
3 -47 37
