200
1 1 90
2 -80
1 1 -3
1 1 -20
1 1 -31
1 1 -79
1 1 71
1 1 19
1 1 -83
1 1 -39
1 1 -40
2 19
1 1 43
1 1 -73
2 19
1 1 92
1 1 -94
2 -39
1 1 -6
1 1 -59
1 1 -57
1 1 76
1 1 -19
2 -6
2 -19
1 1 -78
1 1 -83
1 1 39
1 1 46
2 -59
1 1 78
3 -96 20
1 1 -48
1 1 25
1 1 -12
1 1 47
1 1 -25
2 -12
1 1 91
2 91
1 1 -69
2 -25
2 -69
1 1 62
2 25
1 1 -77
1 1 40
1 1 22
2 91
1 1 75
1 1 -72
1 1 41
3 -39 38
1 1 86
1 1 -19
1 1 -6
2 40
2 40
1 1 -58
2 -6
1 1 -90
2 75
2 40
1 1 -32
1 1 -97
1 1 62
2 -97
1 1 15
1 1 -87
2 86
1 1 -70
2 -6
1 1 12
1 1 -65
2 -87
1 1 25
2 -32
1 1 -94
2 15
1 1 -27
1 1 -47
1 1 35
1 1 -14
1 1 49
1 1 -61
1 1 -70
3 -38 -21
1 1 84
1 1 95
2 -27
1 1 -1
1 1 33
3 -33 -32
1 1 -37
2 -37
1 1 -66
3 -11 98
1 1 79
1 1 -50
1 1 40
1 1 97
2 40
2 79
1 1 -25
1 1 -10
2 -1
1 1 -57
1 1 -92
2 -50
2 -57
1 1 -38
2 -38
2 97
3 -90 35
1 1 -93
2 40
1 1 -7
2 -92
1 1 -89
1 1 7
2 -10
1 1 -18
1 1 -41
1 1 78
2 -92
1 1 -67
1 1 17
1 1 -61
1 1 -33
2 -18
1 1 46
1 1 56
1 1 -59
3 -9 45
1 1 49
1 1 -50
1 1 -6
1 1 39
2 -6
1 1 60
1 1 18
2 60
2 60
2 60
2 46
1 1 51
2 -6
3 -77 -41
2 56
2 51
2 -6
2 39
1 1 -74
2 18
1 1 -28
1 1 95
2 -28
1 1 64
1 1 93
1 1 71
1 1 43
1 1 -21
1 1 78
2 95
2 -28
1 1 -30
1 1 21
1 1 61
1 1 77
1 1 33
2 43
1 1 -44
1 1 -99
1 1 -34
1 1 20
1 1 15
3 74 82
1 1 87
1 1 -66
2 77
2 -44
1 1 82
1 1 -84
1 1 -33
2 -44
1 1 58
1 1 -63
1 1 83
1 1 89
2 83
1 1 88
2 -33
1 1 76
1 1 -54
1 1 72
2 -63
1 1 52
3 -40 57
1 1 -22
1 1 47
