300
1 1 -99
1 1 74
2 88
1 1 -23
2 88
1 1 66
1 1 9
2 52
1 1 -44
1 1 55
2 -44
2 -23
1 1 95
2 47
2 -99
1 1 32
1 1 -97
1 1 85
2 -97
2 95
3 -82 -10
1 1 -4
1 1 52
2 52
2 -4
1 1 -55
2 55
1 1 15
2 95
1 1 45
1 1 -48
2 45
1 1 63
1 1 64
1 1 -41
1 1 35
1 1 -98
1 1 5
2 5
2 64
1 1 70
2 15
1 1 33
1 1 72
3 61 85
1 1 -4
1 1 -1
2 -98
1 1 -87
2 33
1 1 -92
1 1 38
1 1 -87
1 1 -59
2 -59
1 1 60
2 33
2 -4
1 1 -75
3 -96 92
1 1 -62
2 -92
2 -92
1 1 42
1 1 86
1 1 -93
2 38
1 1 -69
1 1 42
1 1 33
2 -75
1 1 -69
1 1 -15
1 1 81
2 33
2 -93
2 -15
3 45 88
2 42
2 -15
1 1 -28
2 -93
1 1 99
1 1 -52
1 1 5
1 1 -33
2 -33
2 -33
2 81
2 -69
3 -90 -13
1 1 -20
1 1 -63
3 16 57
1 1 -77
1 1 -41
1 1 -67
2 5
3 57 93
1 1 73
1 1 -67
1 1 15
1 1 95
1 1 11
2 -63
1 1 -59
1 1 -33
1 1 -2
1 1 46
2 -67
1 1 46
1 1 -46
2 95
2 -2
2 46
2 -2
1 1 -35
1 1 -21
1 1 -35
2 46
1 1 47
2 -33
3 -33 -12
1 1 -9
1 1 -68
1 1 67
2 -9
3 -51 60
1 1 55
2 -35
2 46
1 1 -24
2 -46
2 67
1 1 -68
2 -68
1 1 56
1 1 44
1 1 -51
1 1 35
1 1 -35
2 -51
1 1 -72
2 44
2 67
2 -51
1 1 -65
1 1 -78
1 1 79
1 1 -18
2 -35
1 1 92
1 1 -91
1 1 -56
2 79
2 -78
1 1 91
1 1 -33
1 1 83
1 1 -3
1 1 -40
2 -18
1 1 25
1 1 38
2 25
1 1 54
1 1 74
2 -33
1 1 15
1 1 60
3 11 86
2 60
3 -27 87
3 -54 75
1 1 -81
2 83
2 25
1 1 83
2 38
1 1 21
1 1 -98
3 -20 23
1 1 5
1 1 -75
1 1 -59
1 1 23
1 1 -32
1 1 -15
2 -32
2 -59
1 1 -31
1 1 -93
1 1 86
2 -32
1 1 55
1 1 -38
1 1 -78
2 -93
1 1 -93
1 1 90
1 1 46
2 -15
1 1 94
1 1 15
1 1 -29
2 46
1 1 29
2 -38
2 29
2 15
2 -38
2 -78
1 1 -84
3 26 78
1 1 8
1 1 -16
1 1 -98
2 -84
2 15
2 29
3 -25 31
2 94
1 1 -32
2 -84
2 -84
1 1 -91
1 1 77
2 -16
2 8
1 1 79
2 8
1 1 9
1 1 22
1 1 -39
1 1 -70
1 1 2
1 1 -53
1 1 20
2 77
2 20
2 -53
1 1 96
1 1 41
2 96
1 1 -26
3 -44 8
1 1 -65
1 1 86
2 96
1 1 -14
1 1 81
2 86
1 1 -92
2 96
1 1 -85
1 1 -15
2 -14
1 1 -81
2 -92
1 1 75
2 -15
1 1 -43
1 1 51
2 75
1 1 87
1 1 -15
1 1 -40
2 75
2 -15
2 -43
1 1 53
1 1 -91
2 -91
2 -15
1 1 80
2 -81
1 1 39
2 -40
2 87
2 -15
1 1 47
1 1 50
1 1 -80
1 1 3
2 3
1 1 97
2 80
1 1 -24
2 39
2 50
2 50
1 1 83
2 -24
3 -81 -18
2 -80
3 -95 -36
2 80
1 1 95
1 1 84
1 1 -37
