1000
2 84
2 95
1 1 92
2 -24
2 50
1 1 44
2 3
2 -37
1 1 41
1 1 77
2 41
1 1 -63
1 1 -10
2 -37
1 1 45
1 1 65
1 1 2
1 1 95
1 1 27
3 -90 26
1 1 -27
2 45
1 1 -51
1 1 -49
1 1 73
1 1 65
1 1 -52
2 -52
1 1 -36
2 -51
1 1 -13
1 1 -11
1 1 -19
1 1 -71
1 1 -34
2 -71
2 -71
1 1 -38
1 1 -8
1 1 23
2 -52
2 -38
1 1 -88
1 1 -70
1 1 28
2 -70
2 28
1 1 -49
2 23
1 1 89
2 -70
1 1 -9
1 1 67
1 1 5
1 1 23
2 23
1 1 -5
1 1 49
2 28
2 5
1 1 28
1 1 21
1 1 -52
2 21
1 1 12
2 -52
2 23
1 1 -21
1 1 2
1 1 96
2 21
2 -52
2 49
1 1 92
2 -21
2 -21
2 96
2 12
1 1 -77
1 1 -11
1 1 68
2 21
1 1 66
1 1 -78
1 1 74
1 1 -74
2 -74
1 1 -24
3 37 42
1 1 -93
1 1 -18
1 1 32
3 -98 -6
2 -24
1 1 -15
1 1 12
1 1 14
1 1 11
2 14
2 32
1 1 -45
1 1 -63
1 1 89
1 1 47
1 1 95
1 1 -42
2 95
1 1 -3
1 1 77
2 -45
3 -33 -18
3 -78 31
1 1 74
1 1 -50
2 -63
1 1 -87
2 74
2 95
1 1 48
1 1 76
2 -50
3 -73 47
2 95
1 1 75
2 -42
1 1 -2
1 1 -10
2 -10
2 74
1 1 -96
1 1 -63
1 1 -53
1 1 11
1 1 46
1 1 -63
1 1 13
2 -10
1 1 12
1 1 -74
1 1 98
1 1 -18
1 1 34
1 1 -3
1 1 1
1 1 55
1 1 -74
2 -18
1 1 39
1 1 -74
1 1 -32
1 1 18
1 1 -40
1 1 10
1 1 -82
2 -74
2 -82
1 1 58
1 1 -94
2 39
1 1 9
2 10
3 -56 -10
2 9
1 1 -20
2 -40
1 1 -24
2 -82
1 1 -44
3 -43 86
1 1 98
1 1 25
2 25
1 1 0
1 1 24
2 25
1 1 -79
1 1 5
1 1 41
1 1 -34
2 98
1 1 -9
2 41
1 1 -19
2 -34
2 -19
2 41
2 24
2 5
2 5
2 24
1 1 -92
1 1 72
1 1 92
2 72
1 1 -16
2 5
1 1 -63
1 1 71
1 1 28
1 1 50
1 1 -52
3 39 94
1 1 -94
2 92
1 1 -83
1 1 -29
1 1 37
2 50
2 50
2 50
2 37
1 1 -98
1 1 57
2 -98
1 1 40
1 1 42
1 1 -32
2 -52
1 1 -76
1 1 -2
1 1 -67
1 1 -69
1 1 7
1 1 65
2 57
2 7
1 1 -76
1 1 8
1 1 12
1 1 -2
1 1 -98
2 12
1 1 37
1 1 92
2 -69
1 1 -63
2 92
2 92
1 1 -99
1 1 27
1 1 -43
2 -43
1 1 73
2 -63
1 1 -74
1 1 69
2 -74
2 -74
2 37
2 69
1 1 78
2 -63
1 1 70
1 1 86
2 69
1 1 -73
2 78
2 27
2 -43
2 69
2 27
1 1 22
1 1 -27
1 1 -26
1 1 -48
2 22
2 78
1 1 -4
1 1 6
1 1 -62
1 1 86
2 -26
1 1 29
2 -27
1 1 14
2 -4
2 6
2 -27
2 29
3 -30 12
1 1 -62
2 86
2 -27
2 14
1 1 87
2 29
1 1 -59
1 1 -17
1 1 -99
1 1 -13
1 1 69
1 1 49
1 1 61
1 1 -43
1 1 83
1 1 34
1 1 -31
1 1 -41
1 1 9
1 1 -77
2 61
1 1 -68
1 1 -37
2 -37
1 1 -17
2 -41
1 1 99
1 1 -70
2 -41
1 1 -76
1 1 -97
2 -97
1 1 -32
2 -70
1 1 -96
1 1 -61
3 37 80
2 -68
1 1 -91
1 1 -55
2 -55
2 -76
1 1 -21
1 1 1
1 1 -55
1 1 -19
2 -61
2 -21
1 1 -43
1 1 -34
1 1 44
1 1 93
1 1 -64
2 -43
1 1 99
2 -43
2 -55
2 93
1 1 74
1 1 36
2 -34
1 1 88
2 -64
2 -34
1 1 -29
2 99
1 1 52
1 1 86
1 1 97
2 88
1 1 -36
1 1 -62
1 1 55
2 -36
3 -84 82
2 -36
1 1 -14
1 1 3
1 1 22
1 1 18
1 1 78
1 1 -71
1 1 -76
1 1 60
2 -14
2 -76
1 1 29
3 -77 23
1 1 52
1 1 -57
1 1 -30
2 52
1 1 65
1 1 -61
2 -57
2 60
2 65
1 1 46
1 1 53
2 -76
2 52
1 1 -95
1 1 -82
2 -30
1 1 66
1 1 -59
3 -66 52
1 1 -45
1 1 -13
3 32 37
1 1 42
2 -13
1 1 -39
1 1 25
2 -95
2 -95
2 -95
1 1 57
2 -82
1 1 -1
1 1 26
2 -13
1 1 87
1 1 -16
1 1 65
1 1 76
1 1 80
2 25
1 1 65
1 1 89
1 1 -4
2 80
3 -46 -7
1 1 22
2 22
1 1 -89
1 1 -56
2 -4
1 1 -26
2 -4
1 1 -99
1 1 90
3 -49 5
1 1 89
1 1 21
1 1 26
2 -56
3 -75 -53
1 1 78
2 90
1 1 77
1 1 -89
2 26
1 1 -88
1 1 20
1 1 40
2 20
1 1 -61
1 1 -71
1 1 10
1 1 -86
1 1 86
1 1 -54
1 1 9
1 1 64
3 71 88
2 -61
1 1 11
2 40
3 48 81
2 11
2 -61
2 64
1 1 -65
1 1 3
2 -86
1 1 -6
1 1 8
1 1 -21
1 1 -92
1 1 -26
2 -21
1 1 -91
1 1 18
1 1 0
3 -95 -53
1 1 -56
1 1 84
1 1 88
1 1 -25
1 1 -4
2 -56
2 -26
1 1 -51
3 -87 -54
1 1 -82
1 1 72
1 1 -65
1 1 26
1 1 -42
3 50 95
1 1 93
1 1 69
1 1 71
1 1 -23
1 1 -12
3 -37 66
1 1 20
2 26
1 1 -81
1 1 62
2 71
1 1 99
1 1 -54
1 1 8
1 1 -47
1 1 80
2 8
2 -54
3 -92 34
1 1 57
1 1 13
2 99
2 -54
2 62
1 1 99
2 -54
3 -53 -39
2 -81
2 13
1 1 34
1 1 -17
1 1 -86
2 80
1 1 -3
1 1 -9
2 99
1 1 -49
2 80
1 1 -42
3 -52 20
1 1 -15
1 1 54
1 1 3
1 1 -6
2 -49
1 1 93
2 -15
1 1 -18
1 1 45
1 1 9
2 -6
2 3
2 -49
1 1 41
1 1 -30
1 1 64
1 1 39
1 1 -84
1 1 -14
1 1 40
1 1 -7
2 45
1 1 -47
1 1 -95
2 -84
1 1 -7
1 1 3
1 1 66
2 40
3 22 39
1 1 -18
1 1 -57
1 1 -98
1 1 -45
1 1 92
1 1 39
1 1 -32
2 -7
1 1 39
1 1 -33
1 1 92
1 1 -91
2 -33
1 1 -24
2 39
2 -45
2 -91
1 1 -96
1 1 30
2 30
2 39
2 -32
1 1 -18
3 -91 88
2 39
2 -96
1 1 -88
1 1 -7
3 -81 -59
1 1 43
1 1 -84
2 -88
1 1 4
2 -84
1 1 85
1 1 -56
1 1 -25
2 -18
1 1 20
3 -58 14
3 -1 5
1 1 69
1 1 -98
1 1 -37
1 1 -25
1 1 -12
1 1 -11
1 1 89
1 1 97
2 -11
2 -98
2 -11
1 1 -75
1 1 82
2 97
1 1 24
1 1 15
1 1 -39
1 1 -99
1 1 -34
2 24
1 1 8
2 -34
1 1 -21
3 -48 8
2 -39
2 -34
1 1 -3
3 -56 25
1 1 41
1 1 -33
3 -82 -60
1 1 37
2 37
1 1 -67
1 1 87
2 -21
1 1 84
1 1 -20
1 1 1
3 -23 24
2 -20
2 -21
1 1 -84
2 84
2 -3
1 1 91
1 1 -72
1 1 98
1 1 69
1 1 51
1 1 93
1 1 -90
1 1 -14
2 -90
2 -84
1 1 -67
2 69
1 1 54
3 -8 54
1 1 -48
1 1 -70
2 -67
3 -11 74
2 93
1 1 19
2 51
2 69
2 51
2 -14
1 1 -67
1 1 39
1 1 33
1 1 93
1 1 88
1 1 -87
2 19
2 -70
1 1 50
1 1 -82
1 1 -13
1 1 -74
1 1 -57
1 1 -65
1 1 -84
1 1 62
1 1 76
2 62
1 1 53
2 -84
1 1 31
2 31
1 1 -97
2 -84
2 -13
1 1 -24
1 1 -94
1 1 -28
2 -24
1 1 2
1 1 3
1 1 -38
1 1 35
1 1 12
2 12
1 1 -33
2 35
1 1 -12
2 12
2 2
1 1 -88
1 1 -12
1 1 15
1 1 58
1 1 81
1 1 49
1 1 -96
3 -74 47
2 -33
2 -88
1 1 66
1 1 -90
1 1 -16
2 58
2 49
2 -12
1 1 -57
2 -90
2 -96
1 1 40
1 1 -7
1 1 57
1 1 97
1 1 -1
1 1 -21
1 1 -77
1 1 87
2 -77
1 1 3
2 -77
3 7 70
2 3
1 1 73
3 -22 11
1 1 1
1 1 -15
2 -15
1 1 -33
1 1 -28
1 1 -65
1 1 39
1 1 90
1 1 -8
1 1 50
1 1 -13
1 1 49
1 1 -79
1 1 -77
2 -13
2 -77
1 1 -51
1 1 -43
3 -96 -40
1 1 -16
1 1 -73
1 1 36
1 1 -49
1 1 46
1 1 88
1 1 43
2 -73
1 1 -54
1 1 17
1 1 -54
2 46
1 1 -56
2 88
3 -14 14
1 1 49
1 1 -16
2 -54
2 49
1 1 -30
1 1 5
1 1 33
2 43
1 1 -8
1 1 -80
2 -30
2 -30
1 1 61
1 1 -21
1 1 -76
2 -30
3 -76 46
1 1 -37
1 1 -89
2 -21
1 1 -70
2 33
1 1 26
1 1 -67
1 1 -1
1 1 -84
2 -37
1 1 58
1 1 -43
1 1 82
1 1 -91
1 1 -30
2 82
3 -88 -30
1 1 21
1 1 87
1 1 23
1 1 49
2 -84
3 -60 -49
1 1 88
1 1 42
1 1 -56
1 1 29
2 -91
2 21
3 -65 21
1 1 7
1 1 -98
1 1 -1
1 1 -36
2 7
1 1 37
1 1 0
1 1 44
1 1 -36
2 0
1 1 -83
2 0
1 1 -77
2 -83
1 1 -97
3 -85 12
1 1 59
2 -1
1 1 -85
1 1 91
2 91
1 1 -37
2 -36
1 1 -63
2 59
2 -85
3 -79 -20
1 1 -47
2 -83
2 -37
1 1 -43
1 1 27
1 1 1
2 91
1 1 15
1 1 -12
2 1
3 45 69
2 -12
2 15
2 91
1 1 79
1 1 82
1 1 -48
1 1 -61
2 -43
1 1 -31
1 1 -91
2 1
2 -61
2 -61
1 1 -47
1 1 51
2 -91
1 1 97
1 1 20
1 1 -42
2 82
1 1 -57
1 1 -41
1 1 -29
1 1 56
1 1 24
1 1 -12
2 56
1 1 3
2 -42
1 1 -39
1 1 61
2 -12
1 1 11
1 1 75
1 1 43
1 1 -34
1 1 -1
2 43
2 11
1 1 -3
1 1 -57
2 75
2 11
1 1 37
1 1 89
1 1 44
1 1 -12
2 43
1 1 24
2 37
1 1 88
1 1 -47
2 -57
1 1 -34
1 1 -20
2 24
1 1 2
1 1 -30
1 1 -22
1 1 -29
1 1 10
1 1 51
2 51
3 -93 72
1 1 -10
2 10
2 -29
1 1 -27
1 1 -72
1 1 77
2 -22
1 1 8
3 -20 46
1 1 84
1 1 -93
2 77
2 -72
1 1 29
1 1 -31
1 1 42
2 8
1 1 -64
2 -31
2 -31
1 1 12
1 1 74
1 1 -58
2 -31
1 1 39
2 -93
1 1 -33
2 -33
2 29
1 1 -52
1 1 9
2 -33
1 1 15
2 12
1 1 -57
1 1 -3
2 -52
2 -3
2 -58
1 1 28
1 1 88
1 1 86
1 1 -4
1 1 -18
1 1 -12
2 86
1 1 85
1 1 -84
1 1 -44
1 1 60
2 60
1 1 -46
2 -84
1 1 54
1 1 30
2 -44
1 1 -33
1 1 36
1 1 -68
2 36
2 -44
3 -44 44
1 1 45
2 30
1 1 -31
2 -68
1 1 -49
1 1 52
1 1 67
3 -22 68
1 1 -7
1 1 60
1 1 46
1 1 -40
1 1 33
2 -49
2 46
1 1 23
2 46
1 1 -67
2 67
3 -38 8
