5000
1 1 67
1 1 77
2 67
1 1 -10
1 1 56
1 1 -55
1 1 92
1 1 -6
1 1 52
1 1 -34
2 52
1 1 26
1 1 85
3 23 27
1 1 -10
2 52
2 56
1 1 10
1 1 -22
3 -33 71
1 1 80
2 26
1 1 -20
2 -6
1 1 79
1 1 5
1 1 -22
1 1 -83
1 1 74
1 1 68
1 1 -80
1 1 92
1 1 4
1 1 98
1 1 46
2 -83
1 1 -42
1 1 -47
1 1 -72
1 1 20
1 1 -27
1 1 65
2 46
2 -47
2 65
1 1 62
2 -47
1 1 -3
1 1 -20
1 1 29
1 1 -95
1 1 -39
1 1 -75
1 1 -80
3 -48 15
2 -39
1 1 46
1 1 79
1 1 98
1 1 97
1 1 32
1 1 -14
1 1 65
3 10 80
1 1 63
1 1 81
1 1 56
2 -14
1 1 86
1 1 -98
1 1 2
1 1 -32
1 1 6
1 1 51
1 1 -17
1 1 -11
1 1 -4
2 86
3 -68 51
1 1 -17
2 -4
2 51
1 1 45
1 1 -69
1 1 64
1 1 -45
1 1 63
2 45
1 1 45
2 64
1 1 -67
1 1 64
1 1 -94
1 1 42
1 1 -49
1 1 11
1 1 65
1 1 -97
2 -97
1 1 92
1 1 89
2 65
2 92
1 1 53
1 1 -69
1 1 47
1 1 88
2 88
3 -78 -8
1 1 -3
2 89
2 47
1 1 -3
2 88
1 1 86
2 47
1 1 -11
1 1 69
1 1 -68
1 1 -25
1 1 -16
1 1 6
1 1 -24
1 1 -30
2 -3
2 -25
2 -68
3 -57 -53
1 1 -35
1 1 33
2 -25
1 1 85
3 9 33
2 -68
2 -35
1 1 89
1 1 -96
1 1 -11
2 -11
2 -96
1 1 63
2 33
1 1 -75
2 63
1 1 21
1 1 19
1 1 78
1 1 -3
1 1 -43
1 1 47
1 1 -39
1 1 97
2 21
1 1 -6
1 1 -73
1 1 -37
1 1 -43
1 1 -47
1 1 -51
2 -73
2 -6
2 -37
1 1 -39
1 1 21
1 1 73
2 -43
2 -37
1 1 -72
1 1 3
1 1 61
3 67 92
3 -47 -29
2 -72
1 1 -12
1 1 -20
1 1 -30
2 -72
2 3
1 1 4
1 1 12
1 1 52
1 1 36
1 1 67
1 1 35
2 67
2 -12
2 36
1 1 40
1 1 -46
2 -20
2 -46
1 1 94
1 1 3
1 1 -7
2 3
2 40
1 1 56
1 1 -52
1 1 43
1 1 19
1 1 94
2 -7
1 1 74
2 -46
1 1 93
2 56
1 1 -69
2 74
1 1 3
2 94
2 74
1 1 7
1 1 -48
1 1 -29
1 1 -33
1 1 -93
3 -26 33
2 93
1 1 -59
1 1 86
2 -93
2 -29
1 1 -65
2 86
1 1 70
1 1 -15
2 -33
1 1 63
1 1 -21
2 70
2 70
2 -21
1 1 35
2 -21
1 1 68
2 -15
1 1 94
2 -59
2 35
1 1 42
2 86
1 1 17
1 1 36
2 70
1 1 -76
1 1 -5
1 1 78
2 35
1 1 77
1 1 5
1 1 0
2 -5
1 1 26
1 1 61
2 17
1 1 -12
2 -12
1 1 83
1 1 -62
2 -62
1 1 -83
2 26
2 61
1 1 -29
1 1 82
2 -62
1 1 -40
2 -40
2 -83
1 1 -49
2 -83
1 1 15
1 1 -87
2 -40
2 -87
1 1 -40
2 -87
1 1 30
1 1 -6
2 -29
2 30
1 1 6
1 1 63
1 1 25
1 1 70
1 1 97
1 1 66
2 -40
1 1 -8
1 1 49
2 -8
2 66
1 1 81
1 1 -27
1 1 -13
1 1 18
1 1 92
2 97
1 1 -98
2 49
1 1 96
1 1 8
1 1 7
1 1 -47
3 -93 -42
1 1 -30
1 1 -82
1 1 -3
1 1 -60
1 1 -48
2 -3
1 1 88
1 1 36
1 1 15
2 88
1 1 94
2 -48
1 1 18
1 1 -59
2 36
2 -82
2 94
1 1 -71
2 -60
1 1 80
2 94
1 1 -7
3 14 34
1 1 62
1 1 -97
2 -97
1 1 33
1 1 -1
1 1 -12
1 1 -10
1 1 -77
1 1 -68
1 1 90
2 90
1 1 -46
2 -77
1 1 -90
2 -46
1 1 65
1 1 -83
2 -46
2 -68
2 -1
1 1 70
1 1 -49
2 -49
1 1 -18
1 1 65
2 70
3 7 67
1 1 37
2 90
1 1 -61
1 1 -85
1 1 -63
1 1 56
1 1 16
1 1 56
1 1 -77
2 -63
1 1 34
1 1 -37
1 1 -67
2 34
2 -77
2 16
1 1 -22
2 56
1 1 86
1 1 1
1 1 30
1 1 -32
3 -82 46
1 1 94
1 1 -12
1 1 42
1 1 9
2 94
2 -32
3 -21 64
1 1 56
1 1 35
1 1 99
1 1 -13
2 42
1 1 -79
1 1 -63
1 1 52
1 1 -65
1 1 -34
2 -13
2 -13
1 1 17
2 35
1 1 87
2 -79
1 1 90
3 -85 -72
2 -79
1 1 -66
2 -66
1 1 84
1 1 -49
1 1 -8
2 87
2 17
1 1 -92
2 -66
1 1 90
1 1 -21
1 1 -46
1 1 -31
1 1 -38
2 -38
1 1 -62
1 1 -93
2 -62
1 1 65
2 -31
2 65
2 -21
1 1 -24
1 1 -76
2 -76
2 -46
1 1 64
2 -21
2 -21
2 -62
2 -24
1 1 73
1 1 69
1 1 -65
1 1 -93
2 64
2 69
2 69
1 1 -2
2 -76
1 1 -74
2 -76
1 1 40
1 1 -95
2 40
1 1 79
1 1 -51
1 1 52
1 1 -16
1 1 19
2 19
2 79
1 1 14
1 1 -3
1 1 -46
3 58 87
1 1 73
1 1 -46
1 1 -7
1 1 20
1 1 57
1 1 -84
1 1 -77
1 1 -10
2 -10
2 -46
2 -84
1 1 61
1 1 40
1 1 37
1 1 -15
2 -15
1 1 -74
1 1 33
1 1 -99
1 1 23
2 40
1 1 -51
1 1 21
1 1 51
1 1 -68
3 -7 41
3 13 94
2 21
1 1 -3
2 -3
1 1 -94
3 -52 58
2 -68
1 1 -85
3 20 63
1 1 12
1 1 -60
1 1 5
2 -94
1 1 -91
1 1 -20
1 1 35
1 1 38
2 -20
3 -21 98
1 1 -12
1 1 -74
1 1 -6
1 1 -51
1 1 52
1 1 0
1 1 7
1 1 -58
2 0
1 1 8
1 1 20
1 1 -41
2 -51
3 -29 60
1 1 -7
1 1 64
2 20
2 0
2 8
2 7
1 1 94
2 52
2 52
2 -7
1 1 21
1 1 -57
1 1 -4
1 1 -12
1 1 24
1 1 -85
1 1 -78
1 1 3
2 24
1 1 70
2 70
1 1 70
2 -85
1 1 -45
1 1 -33
2 -33
2 -4
1 1 -72
2 24
2 -72
2 70
1 1 -35
1 1 -29
1 1 -78
1 1 -3
1 1 53
1 1 -28
1 1 -56
1 1 1
2 -56
2 -33
3 -47 -41
2 1
2 -3
1 1 13
2 1
3 -97 -27
1 1 91
1 1 15
1 1 -79
2 -28
1 1 -52
1 1 41
1 1 -75
1 1 -64
2 13
1 1 74
3 -14 45
2 15
2 91
1 1 43
2 -64
1 1 -92
1 1 -26
2 -75
2 15
2 43
3 45 81
1 1 -74
1 1 35
1 1 94
2 -26
1 1 -84
1 1 71
1 1 -14
1 1 7
1 1 96
1 1 -45
2 -14
2 7
1 1 79
2 -74
2 -84
1 1 -69
2 -14
3 -63 96
3 -25 44
2 94
1 1 18
1 1 -4
1 1 -81
2 -69
1 1 49
1 1 -47
1 1 -30
1 1 -96
1 1 79
1 1 32
1 1 -11
2 -96
1 1 -69
2 -69
1 1 -64
2 79
1 1 -91
1 1 -98
1 1 -84
2 79
2 -30
1 1 20
2 -11
2 -64
1 1 65
1 1 -41
1 1 51
1 1 -94
1 1 12
1 1 -91
1 1 -39
3 -75 27
1 1 -83
2 51
2 -83
1 1 -15
1 1 -11
1 1 43
3 -60 -3
1 1 -48
1 1 24
2 -91
1 1 -98
2 -48
1 1 -59
1 1 19
1 1 -1
1 1 94
2 24
2 43
2 -1
1 1 -1
1 1 -81
1 1 26
1 1 10
1 1 46
2 -59
1 1 -24
1 1 -29
2 19
1 1 -24
1 1 75
2 -1
1 1 6
3 -46 -11
1 1 15
1 1 -52
1 1 43
1 1 71
2 71
1 1 -72
1 1 43
2 43
1 1 2
2 -52
2 2
1 1 46
1 1 -63
1 1 -75
1 1 -85
1 1 44
1 1 89
2 -75
2 -72
1 1 -87
2 44
1 1 72
1 1 0
2 89
1 1 71
1 1 -41
2 71
1 1 40
1 1 -39
2 -41
2 -41
2 -85
2 71
1 1 43
1 1 -46
1 1 55
1 1 -30
2 71
1 1 51
1 1 75
1 1 27
3 -87 24
1 1 29
1 1 65
1 1 48
2 75
1 1 -59
1 1 11
1 1 -59
2 11
1 1 18
1 1 69
2 65
1 1 -81
2 48
2 11
3 15 99
2 27
1 1 14
1 1 -82
1 1 -15
1 1 -12
2 -81
1 1 50
1 1 -21
1 1 93
1 1 -44
1 1 63
2 -21
1 1 -92
2 93
2 -15
2 -82
2 -92
1 1 -28
1 1 27
1 1 72
1 1 -29
2 -21
1 1 32
1 1 98
1 1 39
1 1 -14
1 1 -47
2 -47
1 1 -71
2 -28
1 1 -84
1 1 -31
1 1 -32
1 1 69
1 1 68
1 1 36
1 1 36
1 1 -97
1 1 -59
2 -71
1 1 -26
2 36
1 1 -13
1 1 -17
2 36
1 1 -16
1 1 27
2 68
1 1 -4
1 1 39
2 36
1 1 -19
1 1 -75
1 1 -66
2 -4
1 1 -51
2 -51
1 1 58
2 -51
1 1 31
1 1 87
1 1 -25
1 1 91
1 1 -71
2 -75
1 1 5
1 1 -53
2 -53
1 1 -15
1 1 51
1 1 18
2 5
1 1 25
1 1 86
1 1 94
1 1 -64
1 1 42
1 1 39
1 1 -4
2 51
1 1 39
2 86
1 1 -29
2 42
2 -64
2 86
2 25
1 1 -70
1 1 45
1 1 -86
3 -29 55
1 1 83
1 1 -1
2 45
1 1 -7
2 -70
1 1 -81
2 83
1 1 74
3 -79 36
1 1 -47
1 1 36
1 1 -70
1 1 -32
1 1 68
1 1 19
3 -18 85
2 -47
2 74
1 1 23
2 -81
1 1 39
1 1 81
2 23
2 68
1 1 88
2 68
3 -98 98
2 -70
1 1 -92
2 19
2 88
2 81
2 39
1 1 -33
1 1 90
2 39
1 1 12
1 1 -68
3 -52 16
2 -92
2 81
1 1 56
1 1 46
2 39
3 16 55
1 1 37
1 1 13
1 1 -70
1 1 -75
1 1 -37
3 -30 92
2 -68
1 1 -99
1 1 -57
1 1 -3
1 1 -55
2 -99
2 -55
1 1 31
2 -3
2 -3
2 -70
2 -75
3 -56 42
1 1 50
1 1 27
2 -3
1 1 -36
1 1 88
2 88
1 1 10
1 1 -24
2 10
2 -36
1 1 -62
1 1 -23
1 1 -49
1 1 69
1 1 69
3 -91 -50
2 69
1 1 -27
1 1 -17
2 -27
1 1 29
1 1 -96
3 -13 95
1 1 12
1 1 -98
1 1 84
3 -55 13
1 1 -21
2 -21
1 1 -78
1 1 21
1 1 -50
1 1 79
1 1 -93
1 1 -88
1 1 -69
3 -16 36
3 54 77
1 1 51
1 1 32
2 -88
1 1 65
1 1 -57
1 1 66
3 -17 13
1 1 -56
1 1 -89
1 1 57
1 1 40
2 -57
2 40
1 1 65
2 65
1 1 64
1 1 36
2 40
1 1 -72
2 -56
1 1 66
1 1 23
2 57
1 1 7
1 1 -32
2 7
1 1 67
1 1 50
1 1 -13
2 -72
1 1 7
1 1 75
2 66
1 1 50
2 67
1 1 -22
2 50
2 7
1 1 38
2 50
1 1 5
1 1 81
1 1 -33
1 1 93
2 5
1 1 75
2 38
1 1 -97
2 -33
2 -33
1 1 -46
1 1 28
1 1 55
2 81
1 1 65
2 -46
2 65
1 1 -81
2 65
1 1 98
1 1 14
1 1 -44
1 1 67
1 1 -55
2 -55
3 8 56
1 1 -35
2 98
2 14
1 1 -76
1 1 -38
1 1 -92
2 98
1 1 36
1 1 71
1 1 -12
1 1 -97
2 71
1 1 -10
2 36
1 1 58
2 58
1 1 40
1 1 9
1 1 1
1 1 -54
1 1 -96
1 1 -53
1 1 -39
1 1 90
2 -39
1 1 -85
2 90
1 1 29
1 1 -97
3 -34 7
2 29
2 -85
1 1 -42
1 1 31
1 1 -16
1 1 -37
2 -37
2 -97
1 1 99
2 -97
2 -97
2 -85
1 1 -57
1 1 -76
1 1 -97
1 1 -41
1 1 77
1 1 -34
1 1 42
1 1 -17
1 1 97
3 -87 -10
1 1 -97
1 1 23
2 -97
3 -91 49
2 -97
2 97
2 97
1 1 72
2 72
1 1 -72
2 -72
2 -72
1 1 13
1 1 31
2 97
2 -17
2 31
2 13
1 1 91
1 1 -23
1 1 94
1 1 -7
1 1 46
3 -76 -7
2 46
2 23
1 1 73
2 13
2 -72
2 72
1 1 -25
1 1 96
1 1 87
2 73
1 1 65
1 1 -98
1 1 -19
2 -98
1 1 22
2 46
2 -25
2 -19
2 87
1 1 -31
1 1 17
1 1 34
1 1 -52
1 1 -61
1 1 87
1 1 -37
1 1 39
1 1 -30
1 1 83
1 1 -75
2 -61
1 1 54
1 1 12
2 83
3 -69 -66
1 1 60
1 1 12
1 1 -99
2 60
1 1 -16
1 1 -58
1 1 56
1 1 -39
1 1 -86
1 1 -38
2 -39
1 1 -22
1 1 66
1 1 -79
1 1 -68
1 1 -65
2 -39
3 -44 84
1 1 -53
1 1 -2
1 1 89
1 1 -65
1 1 38
1 1 90
1 1 29
1 1 -84
1 1 -45
1 1 -4
1 1 17
2 -65
1 1 -26
3 -18 72
1 1 -18
1 1 -34
1 1 65
1 1 -66
1 1 42
2 -34
1 1 37
1 1 37
1 1 60
1 1 51
3 -27 36
2 51
2 37
1 1 -31
2 -18
1 1 -13
2 65
2 42
1 1 -54
2 65
1 1 -90
1 1 79
1 1 -16
1 1 6
1 1 91
1 1 83
1 1 62
1 1 55
1 1 -22
2 55
1 1 6
1 1 93
1 1 31
1 1 89
1 1 18
1 1 83
2 18
2 55
1 1 23
1 1 -40
2 -40
1 1 16
3 31 92
2 18
1 1 54
1 1 -10
2 93
2 -40
1 1 16
1 1 -32
1 1 -10
1 1 -64
1 1 61
2 16
1 1 -59
1 1 -4
1 1 -25
1 1 -94
2 61
2 -94
2 -59
1 1 52
1 1 -72
1 1 17
1 1 47
1 1 64
3 52 69
3 -78 44
2 17
1 1 42
1 1 -30
1 1 -99
1 1 42
1 1 -5
1 1 31
1 1 -3
2 -3
1 1 72
1 1 3
1 1 -99
1 1 -11
1 1 -30
1 1 76
1 1 -52
1 1 -49
1 1 49
1 1 -55
3 -51 60
3 -6 82
1 1 -26
1 1 28
1 1 55
2 28
2 49
1 1 90
1 1 -5
1 1 -17
2 55
1 1 -75
1 1 73
1 1 81
1 1 2
2 73
1 1 70
2 -5
2 2
1 1 -63
2 -63
2 -17
2 -63
1 1 -84
1 1 31
1 1 -95
2 -17
1 1 79
1 1 34
2 31
1 1 39
1 1 2
2 2
1 1 -22
1 1 -3
1 1 -46
2 39
1 1 58
1 1 -63
2 58
1 1 0
1 1 92
1 1 -8
1 1 12
2 -22
1 1 12
1 1 -68
2 92
1 1 -36
1 1 -74
2 -63
1 1 80
1 1 66
1 1 35
1 1 25
2 -74
3 -39 91
2 80
1 1 -22
1 1 37
1 1 -47
1 1 49
1 1 41
2 -22
3 -60 16
1 1 0
2 -22
1 1 77
1 1 29
1 1 -45
1 1 -98
2 77
3 -13 74
1 1 -84
1 1 11
1 1 -50
1 1 -71
1 1 -18
1 1 -10
1 1 -36
2 -18
2 -10
1 1 -31
1 1 -64
1 1 -40
3 26 50
1 1 7
1 1 1
2 7
1 1 -55
2 -10
2 -18
2 -55
1 1 -90
1 1 64
2 -40
2 1
1 1 80
2 80
1 1 74
1 1 37
1 1 98
1 1 59
2 80
1 1 -45
3 78 95
2 -55
1 1 -75
1 1 -13
1 1 73
2 74
1 1 93
1 1 -93
2 -93
1 1 -75
1 1 30
1 1 -80
1 1 20
1 1 -95
1 1 -42
1 1 -97
1 1 -57
1 1 54
1 1 -96
1 1 42
2 -95
3 -24 52
2 20
1 1 9
1 1 61
2 -57
2 -95
1 1 -21
2 54
1 1 1
2 -97
1 1 30
1 1 -98
2 -98
1 1 12
2 42
1 1 -56
2 -56
2 -56
2 -98
2 30
1 1 86
1 1 -52
1 1 83
1 1 75
1 1 -5
1 1 97
1 1 22
2 97
1 1 -42
3 -2 76
2 22
1 1 46
1 1 73
2 -52
2 46
1 1 46
1 1 41
2 97
1 1 54
1 1 74
2 46
2 41
2 -5
1 1 58
3 -43 29
1 1 3
1 1 97
1 1 -42
1 1 -15
2 3
1 1 -16
1 1 54
1 1 -64
1 1 26
3 33 50
2 -42
2 58
1 1 -16
1 1 26
2 -42
1 1 -54
2 -42
1 1 40
1 1 58
1 1 -78
2 -54
2 -78
3 -11 38
2 26
1 1 -97
1 1 90
1 1 -74
1 1 41
3 -31 -14
2 -54
2 -97
1 1 -27
2 -27
1 1 -61
2 -54
2 -61
1 1 69
1 1 88
1 1 -98
1 1 -25
1 1 91
1 1 50
1 1 -7
1 1 -22
2 69
1 1 35
2 -61
1 1 -84
3 -85 -22
2 -7
1 1 11
2 -25
2 -98
1 1 39
2 35
2 35
1 1 -60
2 -60
1 1 -66
2 35
2 -7
1 1 -56
2 35
1 1 75
2 39
1 1 -36
1 1 -55
1 1 29
1 1 51
2 51
1 1 54
1 1 59
1 1 -38
1 1 29
1 1 60
3 -82 -35
1 1 88
2 29
2 88
1 1 -65
3 -96 12
3 -23 -5
1 1 -80
2 60
1 1 28
1 1 -61
2 -61
2 29
1 1 -65
1 1 92
2 -65
1 1 42
1 1 -60
1 1 99
2 92
3 -37 6
1 1 -95
2 -65
1 1 -78
1 1 -92
1 1 -23
3 67 80
1 1 -44
1 1 -58
1 1 77
1 1 69
2 -78
1 1 -79
1 1 -67
1 1 73
2 73
1 1 -65
1 1 -47
2 -67
1 1 87
2 -58
2 69
1 1 64
1 1 15
1 1 94
1 1 -45
1 1 -81
2 73
1 1 86
1 1 -78
1 1 -51
1 1 61
1 1 4
2 -45
1 1 8
1 1 -61
3 -71 24
1 1 96
1 1 5
1 1 24
1 1 50
2 50
1 1 78
2 50
1 1 -44
2 8
1 1 -17
1 1 62
3 -71 -29
1 1 72
1 1 23
2 96
1 1 -87
1 1 94
2 50
1 1 64
1 1 93
1 1 -53
1 1 29
2 -53
1 1 -91
2 -53
2 29
1 1 79
2 29
1 1 58
1 1 -53
2 -53
2 64
1 1 -98
1 1 95
1 1 0
1 1 19
1 1 0
3 -69 -24
1 1 -58
1 1 32
1 1 80
1 1 37
1 1 83
1 1 -49
1 1 -18
1 1 60
1 1 99
2 60
2 -49
2 80
1 1 -64
2 -64
2 80
2 37
1 1 44
1 1 21
2 -18
2 37
1 1 -85
1 1 75
2 99
2 21
2 83
1 1 49
1 1 37
1 1 71
1 1 -90
2 -64
2 -90
1 1 -14
1 1 40
2 21
2 71
2 40
1 1 -80
1 1 -87
3 -57 72
1 1 -65
2 -14
1 1 28
1 1 -90
1 1 -21
1 1 15
1 1 17
1 1 -14
1 1 25
1 1 -87
1 1 95
1 1 44
1 1 -8
1 1 -55
1 1 4
1 1 23
1 1 29
1 1 -58
1 1 22
1 1 81
2 44
1 1 -43
1 1 -20
1 1 10
3 21 91
1 1 -48
1 1 34
1 1 -31
1 1 78
2 -48
1 1 44
1 1 -71
2 78
1 1 48
1 1 62
1 1 -48
2 62
1 1 -68
1 1 -35
2 44
1 1 -4
1 1 -7
2 78
2 -7
1 1 8
1 1 28
1 1 39
1 1 49
1 1 72
2 -68
1 1 -38
1 1 -31
1 1 89
1 1 -38
2 -7
1 1 31
1 1 -57
1 1 74
1 1 -52
1 1 -59
1 1 -31
1 1 -10
2 -38
1 1 27
1 1 96
2 -38
1 1 -60
1 1 1
2 -52
1 1 -56
2 27
1 1 53
1 1 -51
1 1 15
1 1 -48
1 1 -30
2 -30
1 1 70
1 1 -47
1 1 -71
1 1 -38
2 70
2 -30
2 -71
1 1 68
2 70
2 -51
1 1 33
1 1 77
3 44 48
1 1 -69
1 1 -84
1 1 87
2 70
1 1 -24
2 -47
1 1 -24
1 1 94
2 -69
1 1 11
1 1 -3
1 1 97
2 11
1 1 9
2 97
2 -3
1 1 10
1 1 -1
2 -1
1 1 -20
1 1 47
2 94
2 10
2 94
2 10
1 1 -63
1 1 82
1 1 -23
3 -89 -48
1 1 86
2 -20
1 1 82
1 1 19
1 1 -62
1 1 59
2 82
1 1 50
1 1 46
2 82
1 1 67
2 46
1 1 -96
1 1 27
2 -62
2 67
1 1 -11
1 1 -61
1 1 83
1 1 -16
1 1 0
1 1 71
1 1 68
1 1 92
2 -96
1 1 34
2 0
1 1 -75
1 1 62
1 1 -82
1 1 -97
3 -1 4
2 92
2 -75
1 1 67
1 1 -7
2 34
1 1 -30
1 1 68
1 1 -47
1 1 72
1 1 -27
2 62
2 -82
2 67
2 -30
3 -29 -22
1 1 -65
1 1 -95
1 1 -86
2 68
1 1 6
1 1 62
3 -87 -2
1 1 82
1 1 69
1 1 -74
1 1 78
1 1 -77
1 1 60
1 1 -47
2 60
1 1 23
1 1 -78
1 1 82
1 1 -53
1 1 -19
1 1 -22
1 1 -75
1 1 38
2 -75
1 1 -87
1 1 31
1 1 -64
1 1 66
1 1 1
1 1 -18
2 -19
1 1 -90
2 -18
1 1 -19
1 1 -61
1 1 15
1 1 -2
1 1 -57
2 -64
1 1 91
2 91
1 1 81
1 1 -70
2 -19
2 -19
2 -70
1 1 1
1 1 -80
1 1 59
1 1 -79
1 1 -88
2 1
1 1 -66
1 1 35
2 -70
2 35
1 1 -66
2 -80
1 1 -71
1 1 9
1 1 -54
2 -88
1 1 -66
1 1 -18
1 1 -48
2 -66
1 1 19
1 1 -74
1 1 51
2 -74
1 1 79
2 -18
3 39 58
1 1 -47
1 1 66
1 1 -9
1 1 76
2 79
1 1 46
1 1 60
1 1 35
3 -60 30
1 1 71
2 35
1 1 55
1 1 17
1 1 55
2 60
2 35
1 1 4
3 -72 -46
1 1 37
2 4
1 1 -9
1 1 -51
1 1 -32
1 1 99
1 1 -70
2 99
1 1 5
1 1 -62
2 5
2 -9
2 -70
1 1 70
2 99
2 4
2 -51
1 1 -84
1 1 -3
1 1 -90
2 70
1 1 10
2 99
1 1 -43
2 -84
1 1 66
1 1 -1
2 -43
1 1 16
1 1 99
1 1 20
2 -43
1 1 97
2 66
2 16
1 1 -55
1 1 -42
1 1 99
2 97
2 -55
1 1 -35
1 1 -11
1 1 -4
2 -42
1 1 -89
1 1 92
2 -42
1 1 -17
2 -35
1 1 -82
1 1 -69
1 1 -55
2 -11
1 1 52
1 1 -31
2 -11
1 1 68
1 1 -92
1 1 92
2 -17
2 -31
2 92
1 1 -91
1 1 98
1 1 -40
1 1 -95
1 1 23
1 1 -51
1 1 97
2 92
1 1 81
1 1 -91
2 -95
1 1 -28
2 81
3 61 95
2 97
2 81
1 1 -88
2 81
2 -88
1 1 -31
1 1 -92
1 1 62
1 1 72
3 34 54
1 1 -97
1 1 98
1 1 -89
1 1 -11
2 72
3 85 89
1 1 -6
2 -6
3 -62 -51
1 1 -26
1 1 -61
2 -89
2 62
3 -35 -32
1 1 -32
2 -32
1 1 -29
2 -32
1 1 27
1 1 -89
2 -89
1 1 25
1 1 65
1 1 53
2 -29
3 24 41
1 1 -16
1 1 74
1 1 -22
1 1 -75
2 -75
1 1 81
1 1 73
2 65
3 -71 87
2 74
1 1 -91
1 1 69
1 1 -29
1 1 4
1 1 -61
1 1 -50
1 1 -60
1 1 2
1 1 14
1 1 76
1 1 14
1 1 -26
1 1 68
2 -61
2 68
2 -50
2 14
1 1 -95
1 1 -20
1 1 60
1 1 52
2 60
1 1 85
1 1 -62
1 1 -57
1 1 -70
1 1 -73
1 1 -91
1 1 65
1 1 37
2 52
2 37
1 1 31
1 1 94
1 1 -29
1 1 19
1 1 -31
1 1 -24
2 -73
1 1 53
1 1 73
2 31
2 65
1 1 -41
2 31
1 1 41
2 -24
1 1 -61
1 1 -39
1 1 -64
1 1 33
1 1 -24
1 1 38
2 -39
2 -61
1 1 90
2 38
1 1 -48
1 1 -18
1 1 -34
1 1 45
1 1 41
2 41
1 1 48
1 1 38
1 1 -4
2 38
3 -72 85
1 1 18
2 48
1 1 84
1 1 -63
3 11 89
2 18
1 1 57
2 38
2 -34
2 -63
1 1 47
1 1 22
2 84
3 -39 54
1 1 14
2 18
1 1 -53
1 1 78
3 -58 14
1 1 25
3 -54 41
1 1 14
2 78
2 47
2 -53
2 84
2 -53
1 1 -3
1 1 -6
1 1 58
1 1 13
1 1 -47
2 -6
2 -47
1 1 4
1 1 34
1 1 56
1 1 -62
1 1 55
1 1 80
1 1 -15
1 1 -18
1 1 -51
3 93 95
1 1 -36
2 -15
2 55
1 1 -70
1 1 -86
1 1 -25
2 -86
2 -25
2 -15
1 1 1
1 1 74
1 1 94
1 1 -98
1 1 44
2 -70
2 -70
3 46 47
1 1 -9
1 1 -61
1 1 -85
2 44
1 1 -27
1 1 -55
2 1
1 1 26
1 1 99
1 1 -13
2 -98
1 1 -6
2 -27
1 1 -33
2 -6
3 -63 -38
1 1 85
2 85
1 1 -42
2 -85
1 1 97
1 1 -68
1 1 63
1 1 -44
1 1 -47
1 1 -79
2 -47
1 1 92
1 1 34
1 1 17
2 -47
1 1 16
1 1 -76
3 -48 41
1 1 -64
1 1 55
1 1 20
2 17
1 1 0
1 1 98
1 1 -93
1 1 10
1 1 80
1 1 47
1 1 24
1 1 -72
2 98
1 1 65
1 1 -2
1 1 69
1 1 -21
1 1 4
1 1 88
1 1 -42
2 69
1 1 62
1 1 62
1 1 60
1 1 45
1 1 -5
1 1 -20
1 1 67
2 67
1 1 4
2 4
1 1 -3
1 1 81
1 1 -87
1 1 63
2 45
2 -20
2 4
2 4
1 1 -79
1 1 6
1 1 -77
1 1 60
2 -79
1 1 93
2 93
1 1 -95
1 1 -82
2 93
2 6
1 1 -39
1 1 27
1 1 -49
1 1 -24
1 1 -94
1 1 23
2 -49
1 1 88
1 1 39
1 1 -8
1 1 -11
1 1 -38
1 1 71
1 1 -67
1 1 45
1 1 -99
1 1 -87
1 1 8
1 1 1
1 1 -30
1 1 -5
1 1 49
2 -5
1 1 -79
2 8
3 -60 -1
1 1 -25
1 1 17
1 1 -10
1 1 -88
1 1 -10
1 1 33
1 1 -6
1 1 -86
1 1 -62
1 1 -52
1 1 39
1 1 31
1 1 70
1 1 -30
1 1 -40
2 33
2 -62
2 39
1 1 82
1 1 -8
1 1 -75
2 -62
1 1 29
1 1 60
1 1 -45
1 1 -23
1 1 19
1 1 69
2 -8
1 1 -53
1 1 -54
1 1 -64
1 1 -22
1 1 -40
1 1 -40
2 -54
1 1 -50
1 1 -65
2 -54
2 -65
1 1 -76
1 1 9
2 -54
3 -11 26
2 -64
2 9
1 1 60
2 -22
2 -64
1 1 4
1 1 94
1 1 -36
1 1 -38
1 1 -55
1 1 -74
2 4
1 1 29
2 94
2 60
2 9
1 1 -85
2 94
1 1 -35
2 -85
2 -55
3 -43 2
3 -37 78
1 1 -73
2 -73
2 29
1 1 -99
1 1 -49
1 1 31
2 -35
2 -85
2 -38
1 1 -31
1 1 -61
1 1 -21
2 -99
1 1 -55
1 1 43
1 1 21
1 1 -61
2 -61
1 1 -97
2 -21
2 -49
1 1 -40
1 1 -19
2 -21
1 1 -50
1 1 -59
1 1 88
1 1 -81
1 1 67
2 67
2 -50
1 1 -7
2 -50
1 1 27
1 1 63
1 1 0
1 1 -18
1 1 49
2 67
1 1 63
1 1 -65
2 49
1 1 -61
1 1 -47
1 1 -45
2 -18
1 1 18
1 1 43
3 15 57
1 1 85
1 1 39
2 85
1 1 -33
1 1 27
1 1 56
1 1 -24
3 -83 -44
2 39
3 46 71
1 1 60
1 1 -18
2 39
1 1 52
1 1 77
2 56
1 1 9
2 39
1 1 24
1 1 62
1 1 -80
1 1 -23
3 -62 82
2 60
2 -18
2 52
1 1 -95
2 60
3 -51 63
2 52
1 1 0
1 1 32
2 -23
2 9
1 1 -25
1 1 -36
2 -80
1 1 56
1 1 -77
1 1 -23
1 1 76
1 1 -69
1 1 -50
2 -36
2 -69
1 1 14
3 13 40
1 1 -64
1 1 -52
2 -69
1 1 -11
1 1 -81
1 1 3
1 1 -35
1 1 -80
2 3
1 1 33
1 1 18
1 1 -88
3 -45 81
2 -80
2 -81
1 1 -31
3 41 79
3 44 79
2 -80
1 1 -16
1 1 84
1 1 -30
1 1 -96
1 1 36
1 1 -78
2 33
2 -16
1 1 49
1 1 8
1 1 -76
1 1 -96
1 1 -41
1 1 -81
1 1 -33
1 1 86
1 1 28
1 1 25
2 -81
1 1 39
1 1 -52
1 1 59
3 -55 32
1 1 43
1 1 -65
2 86
2 -52
1 1 69
1 1 96
1 1 53
1 1 66
1 1 -76
1 1 -20
1 1 29
1 1 15
1 1 6
1 1 -59
1 1 -19
1 1 81
2 53
1 1 87
1 1 -53
1 1 -13
1 1 -33
2 81
2 6
1 1 -48
2 -59
2 -13
2 -53
2 -13
1 1 -95
1 1 52
1 1 8
1 1 92
1 1 73
1 1 -88
1 1 -90
2 73
1 1 51
1 1 22
1 1 -96
1 1 14
2 -90
2 73
1 1 -63
1 1 2
1 1 -55
1 1 -58
2 14
1 1 33
1 1 -80
2 -80
1 1 4
2 -80
1 1 -25
1 1 45
2 4
2 45
1 1 -82
1 1 42
1 1 47
2 -55
2 45
1 1 -9
2 45
1 1 47
1 1 -99
1 1 -33
2 -99
1 1 -17
3 -46 45
1 1 28
1 1 -31
1 1 19
2 -99
2 47
2 47
1 1 -41
1 1 60
1 1 -21
1 1 88
1 1 42
1 1 -7
1 1 85
1 1 -81
1 1 -29
1 1 -54
3 -35 72
2 -81
1 1 -94
3 -33 23
1 1 71
1 1 22
1 1 12
1 1 81
1 1 -86
2 -29
1 1 -14
1 1 68
1 1 42
1 1 63
1 1 -12
2 71
1 1 -78
2 -78
1 1 -97
1 1 50
2 -14
1 1 -76
1 1 81
2 42
1 1 74
2 -12
2 -12
1 1 84
1 1 80
1 1 -65
1 1 -41
3 -69 27
1 1 -65
1 1 2
1 1 8
1 1 73
2 74
2 74
1 1 -99
1 1 95
1 1 39
2 73
2 -99
1 1 47
1 1 -67
1 1 -98
2 -67
3 -51 58
2 39
1 1 26
1 1 -45
1 1 -21
2 26
2 -99
2 -99
1 1 -56
3 -63 -36
2 -45
1 1 64
1 1 63
2 47
1 1 76
1 1 -65
1 1 -92
1 1 -10
1 1 94
2 63
1 1 -44
2 63
2 94
1 1 -96
1 1 40
1 1 47
1 1 41
1 1 21
1 1 -63
3 50 67
2 47
1 1 50
2 21
1 1 -44
1 1 -61
2 -61
1 1 37
1 1 48
2 21
2 40
1 1 -44
1 1 6
1 1 -58
1 1 -92
1 1 -65
1 1 42
1 1 -50
2 -65
1 1 -95
2 -44
1 1 -19
2 6
2 -92
2 -44
1 1 -12
1 1 -42
3 -93 -34
2 6
1 1 83
1 1 88
1 1 72
2 -42
1 1 -96
1 1 11
1 1 -39
2 83
2 88
1 1 -28
1 1 -20
1 1 -62
1 1 -16
1 1 -75
1 1 -82
1 1 19
2 -39
1 1 -42
2 -62
1 1 -99
1 1 91
1 1 -35
1 1 -54
1 1 86
2 -54
1 1 38
2 86
2 -35
2 19
2 -54
3 36 97
1 1 81
1 1 71
1 1 -96
3 -90 -72
1 1 32
1 1 -55
1 1 -53
1 1 47
2 86
1 1 -45
1 1 -61
2 32
1 1 36
1 1 -88
1 1 -37
2 -61
2 -53
1 1 -14
1 1 86
1 1 -31
1 1 58
2 -31
1 1 -23
1 1 92
2 -14
1 1 -52
2 92
1 1 -14
1 1 77
1 1 61
1 1 14
1 1 47
1 1 -84
2 61
2 61
1 1 -62
1 1 -68
1 1 -72
1 1 29
1 1 33
2 77
1 1 85
1 1 -95
1 1 2
2 -95
1 1 -18
1 1 5
1 1 -96
1 1 -14
1 1 39
1 1 -61
1 1 52
1 1 39
1 1 18
1 1 32
2 -14
1 1 -68
1 1 82
1 1 -95
1 1 -24
1 1 48
1 1 -10
2 18
2 -24
1 1 28
1 1 53
1 1 -67
1 1 -2
2 -68
2 28
3 -40 42
1 1 -95
2 -67
1 1 -78
1 1 -33
2 -2
2 -10
2 -33
1 1 -98
1 1 -43
2 -78
1 1 22
1 1 68
1 1 78
1 1 70
2 -98
2 22
2 -43
1 1 51
2 -78
2 -98
1 1 72
2 70
1 1 57
2 -43
1 1 26
1 1 91
1 1 8
1 1 -71
1 1 78
2 91
2 -71
1 1 -79
1 1 -75
2 72
1 1 94
2 26
1 1 85
1 1 -13
2 78
1 1 58
1 1 -59
1 1 -65
1 1 19
1 1 -26
3 -65 96
1 1 -18
1 1 45
2 -65
1 1 -66
2 -26
2 58
2 85
1 1 82
1 1 5
1 1 55
2 -18
1 1 85
1 1 -9
2 -26
2 -9
2 19
1 1 -65
1 1 45
1 1 -48
2 -9
2 -65
1 1 -7
1 1 -17
3 -18 64
2 -7
1 1 47
1 1 -35
1 1 -38
2 -38
1 1 73
2 -17
1 1 -54
3 -83 -71
1 1 90
2 -54
1 1 5
1 1 35
1 1 4
1 1 -75
2 90
2 35
2 90
1 1 59
2 -35
1 1 61
1 1 29
1 1 93
2 5
1 1 68
2 -75
3 -34 27
2 29
2 35
1 1 -63
2 4
1 1 -83
1 1 -65
3 -91 -68
2 -65
1 1 -41
2 -83
2 29
1 1 24
2 29
2 61
1 1 -45
2 68
2 29
1 1 55
2 29
1 1 -55
2 -41
2 24
1 1 -56
1 1 96
2 24
1 1 -22
1 1 -14
2 -22
2 -55
2 -56
1 1 18
1 1 56
2 -22
3 62 65
1 1 -51
1 1 -44
1 1 33
1 1 -55
2 -55
1 1 -6
1 1 -89
3 -68 -9
2 33
1 1 -16
2 -55
2 -89
1 1 77
2 -51
1 1 49
1 1 94
2 -55
2 -44
1 1 29
1 1 -96
1 1 -61
1 1 -95
1 1 -58
1 1 93
1 1 53
2 -61
2 -96
1 1 -96
3 -50 -49
1 1 -72
1 1 88
1 1 20
1 1 1
1 1 64
1 1 -76
2 93
3 -26 32
2 1
1 1 8
2 8
2 8
3 -70 89
3 -64 1
1 1 69
1 1 -30
1 1 40
2 -76
1 1 24
1 1 85
1 1 -29
1 1 -41
1 1 36
1 1 -94
1 1 94
3 -43 57
1 1 -61
2 -41
2 -29
1 1 -77
2 -77
2 -94
1 1 -25
1 1 42
1 1 -94
1 1 -19
2 -19
2 -19
1 1 27
1 1 -99
2 -77
1 1 -66
1 1 -55
2 -94
3 -81 -40
1 1 -53
2 -99
2 -55
2 27
1 1 -20
2 -20
1 1 9
1 1 87
1 1 94
2 -53
1 1 40
2 -66
1 1 87
1 1 30
2 40
2 -55
1 1 -81
1 1 14
3 -26 -16
1 1 78
3 -45 -4
1 1 -56
1 1 -53
2 40
2 -56
2 -53
2 78
3 -15 34
1 1 -92
1 1 -98
2 -92
1 1 91
1 1 -25
1 1 10
1 1 -35
2 -25
1 1 -15
2 10
2 78
1 1 -2
1 1 -37
1 1 -26
1 1 18
2 91
1 1 69
2 91
2 91
1 1 -86
1 1 -36
2 69
2 -26
2 -15
1 1 -82
1 1 61
1 1 57
1 1 1
1 1 -9
1 1 16
1 1 81
2 -82
2 -82
1 1 88
2 1
2 81
1 1 -24
1 1 -4
1 1 37
1 1 -3
1 1 8
1 1 31
1 1 -59
1 1 -80
2 31
2 31
1 1 -3
2 8
1 1 42
1 1 8
1 1 -76
1 1 -42
1 1 9
1 1 95
3 -55 -38
1 1 -73
2 -73
1 1 -39
1 1 -44
1 1 11
1 1 94
1 1 -74
1 1 -8
2 94
2 -39
1 1 -35
3 -88 25
2 -8
1 1 31
1 1 -92
1 1 -99
3 80 81
1 1 -9
1 1 44
2 -99
1 1 36
1 1 34
1 1 6
3 -76 -7
1 1 -40
2 -40
1 1 -62
1 1 56
1 1 71
1 1 -21
1 1 -37
3 -31 46
1 1 -78
1 1 -93
1 1 27
1 1 63
1 1 -47
2 -93
1 1 46
1 1 31
2 -78
3 7 67
1 1 -88
1 1 31
2 -93
1 1 28
1 1 57
2 46
1 1 58
1 1 21
1 1 39
1 1 85
3 47 75
2 31
1 1 36
1 1 15
1 1 66
1 1 -95
1 1 28
2 -95
1 1 -50
1 1 70
2 36
1 1 35
2 70
3 -78 46
1 1 41
1 1 0
1 1 -61
2 66
1 1 -61
1 1 44
2 70
2 28
1 1 -42
1 1 -47
1 1 7
2 7
1 1 -61
1 1 -7
2 -61
2 -61
1 1 -42
1 1 45
3 -89 20
2 -61
2 45
1 1 -90
2 -47
1 1 80
2 -47
1 1 46
2 7
1 1 94
1 1 35
1 1 22
2 -42
2 22
2 -7
1 1 -58
1 1 18
1 1 45
1 1 -61
2 -61
1 1 30
1 1 71
1 1 63
2 -61
2 94
2 -58
1 1 -13
1 1 -72
1 1 75
1 1 33
1 1 -87
1 1 -77
2 75
2 30
1 1 -47
1 1 -79
1 1 -31
1 1 -31
1 1 89
1 1 -96
2 -79
1 1 71
1 1 84
2 -96
1 1 -3
2 -79
2 84
1 1 -59
2 84
2 89
2 -3
1 1 -4
2 -59
2 -96
2 -31
1 1 -83
1 1 12
1 1 -56
2 -56
1 1 -13
1 1 70
2 84
1 1 92
3 -87 -48
1 1 -34
1 1 0
3 8 38
2 0
2 -4
1 1 -97
1 1 -79
1 1 -67
1 1 -50
2 -34
1 1 -12
2 0
1 1 -86
1 1 -41
2 0
2 -97
1 1 -42
1 1 -88
1 1 -89
1 1 -4
1 1 -35
1 1 75
1 1 -85
1 1 -62
1 1 -68
1 1 -79
2 -62
1 1 12
1 1 12
1 1 -92
2 75
1 1 22
2 12
2 12
1 1 73
1 1 -41
1 1 69
1 1 64
1 1 -97
1 1 -30
2 12
1 1 -9
2 -9
2 -9
1 1 31
2 31
2 69
1 1 31
1 1 13
1 1 96
2 -41
1 1 29
1 1 -58
2 -97
2 96
2 31
2 -9
3 -80 -66
2 -30
1 1 11
1 1 -31
1 1 -42
3 -21 19
2 -9
1 1 67
1 1 49
2 31
1 1 -35
1 1 27
3 -34 26
2 -31
2 -42
1 1 20
1 1 10
1 1 59
1 1 28
2 20
2 28
2 49
1 1 -58
1 1 89
1 1 -95
3 -61 64
1 1 29
1 1 8
2 89
1 1 -43
1 1 11
1 1 -92
2 29
1 1 0
2 8
1 1 -33
1 1 2
1 1 30
1 1 -98
1 1 24
2 -43
2 0
1 1 -80
2 24
3 -51 59
1 1 -16
2 -33
2 24
1 1 30
3 -87 74
2 -80
2 30
1 1 -76
2 0
1 1 20
2 24
1 1 -84
1 1 -40
2 -16
1 1 -69
1 1 -18
1 1 9
2 -40
2 -40
3 -30 42
2 -80
2 -16
1 1 43
2 30
1 1 -71
1 1 47
1 1 -1
1 1 90
2 47
1 1 -81
1 1 -28
1 1 -80
1 1 35
2 35
1 1 45
1 1 -62
1 1 -85
1 1 23
2 90
2 -62
2 -28
1 1 -83
1 1 27
1 1 72
1 1 -79
1 1 -20
1 1 26
3 -50 52
1 1 58
1 1 91
1 1 -60
1 1 -86
1 1 -87
1 1 65
1 1 31
1 1 -39
1 1 99
3 20 60
1 1 -25
1 1 -85
1 1 75
2 -25
1 1 4
1 1 -7
1 1 3
1 1 -60
2 4
1 1 -82
2 -60
1 1 59
1 1 35
1 1 -47
1 1 82
2 35
2 -47
1 1 -57
2 -57
2 -7
1 1 -6
1 1 38
1 1 -36
1 1 -91
3 -25 -10
2 -91
3 9 67
2 -47
2 -82
2 -82
1 1 54
2 -36
1 1 18
2 -36
1 1 -18
2 18
2 38
1 1 51
2 -6
1 1 -21
1 1 86
1 1 18
2 -36
1 1 -91
1 1 -80
1 1 -2
1 1 47
1 1 68
1 1 -79
1 1 4
2 -2
1 1 63
2 63
1 1 -3
1 1 52
1 1 -49
1 1 13
1 1 -83
1 1 44
1 1 -62
2 63
1 1 -30
2 52
2 4
1 1 -80
1 1 -28
1 1 15
1 1 -27
1 1 -2
1 1 -41
2 -62
2 -30
1 1 64
1 1 -58
3 36 57
2 -80
1 1 -43
2 -2
1 1 -16
2 64
1 1 -46
3 52 70
2 -16
1 1 -64
1 1 -25
1 1 0
1 1 -50
1 1 -47
1 1 48
1 1 49
1 1 -96
1 1 -31
1 1 43
1 1 55
2 0
2 -31
1 1 90
1 1 -54
1 1 69
3 -68 64
2 -31
1 1 -58
2 49
1 1 1
2 1
1 1 91
1 1 -55
1 1 -30
2 91
1 1 -1
1 1 28
1 1 -19
1 1 -16
1 1 -81
2 -16
1 1 -65
1 1 -30
1 1 36
2 -30
2 -30
1 1 -73
1 1 -50
2 -81
3 -63 24
2 -65
1 1 14
1 1 31
2 -81
1 1 -69
1 1 59
2 14
1 1 -75
1 1 10
1 1 -5
1 1 21
1 1 61
2 59
1 1 -44
1 1 14
1 1 33
1 1 59
3 -88 3
1 1 65
1 1 32
2 65
2 -44
1 1 -20
2 61
1 1 -72
1 1 84
1 1 15
2 -72
1 1 -89
1 1 -64
1 1 -57
1 1 45
1 1 51
1 1 73
2 45
2 51
3 8 58
2 -57
1 1 -42
1 1 -98
1 1 -20
2 -64
1 1 42
2 -98
1 1 -4
1 1 -28
2 -42
1 1 -6
1 1 -78
2 42
1 1 -15
3 37 68
1 1 -85
2 42
1 1 61
2 -20
3 -29 59
2 -4
1 1 34
2 42
2 -4
1 1 96
2 -85
1 1 -83
1 1 -58
1 1 11
2 34
2 -83
1 1 -56
1 1 -49
1 1 -27
1 1 3
2 96
2 -49
2 3
2 34
1 1 33
2 33
2 -49
1 1 40
2 3
2 33
1 1 -30
2 -58
2 -58
2 33
1 1 -96
1 1 10
1 1 -44
2 -27
2 40
1 1 -6
1 1 16
1 1 -84
2 40
1 1 30
2 -44
1 1 22
1 1 -97
1 1 -10
1 1 37
1 1 48
1 1 28
1 1 -89
2 28
3 -59 89
1 1 89
1 1 -67
1 1 -71
1 1 -64
1 1 3
2 48
2 -10
2 28
1 1 -65
1 1 -3
2 28
1 1 -46
1 1 88
3 -77 7
1 1 60
1 1 -19
1 1 -54
2 -65
1 1 -15
2 60
2 -65
1 1 69
1 1 65
1 1 -71
1 1 -13
3 2 6
1 1 14
3 -66 -26
1 1 78
1 1 -6
2 -71
1 1 -44
1 1 -86
2 -15
1 1 38
2 -86
1 1 94
1 1 -73
2 -44
1 1 3
1 1 92
1 1 -42
2 92
1 1 74
1 1 -57
2 -86
2 -44
1 1 57
1 1 98
1 1 61
1 1 50
3 -19 99
3 9 65
1 1 -52
2 92
2 92
1 1 65
1 1 90
1 1 81
1 1 -29
3 -62 -34
1 1 -46
1 1 -75
2 65
2 50
2 -46
1 1 85
1 1 22
1 1 -87
2 -52
1 1 71
1 1 89
1 1 -56
1 1 -20
1 1 46
3 -58 86
1 1 -4
1 1 95
1 1 36
2 -4
1 1 94
3 -69 8
2 94
2 36
2 71
1 1 31
2 -4
1 1 -61
1 1 -37
1 1 49
1 1 -6
1 1 69
1 1 53
1 1 83
2 36
1 1 -13
1 1 13
2 53
2 83
2 53
2 -6
1 1 -41
1 1 -69
2 83
2 53
2 83
2 -69
1 1 -11
1 1 68
3 15 49
1 1 -48
1 1 83
1 1 75
2 -13
1 1 -45
1 1 -7
1 1 -79
1 1 -25
1 1 -99
1 1 -65
1 1 -69
1 1 55
1 1 -23
2 75
1 1 -50
1 1 40
1 1 -87
2 -79
1 1 -7
2 -23
2 -50
1 1 15
1 1 -62
1 1 1
2 1
1 1 -52
1 1 -75
1 1 83
2 -52
3 -95 -34
1 1 58
2 -52
1 1 10
1 1 32
1 1 10
2 1
1 1 43
1 1 70
1 1 99
3 -42 44
2 83
2 83
1 1 -37
1 1 11
1 1 2
1 1 -40
1 1 -32
1 1 -32
2 -32
2 99
1 1 68
1 1 -9
1 1 -94
1 1 -29
1 1 -2
1 1 72
3 43 47
1 1 -59
2 -59
1 1 -47
1 1 -35
1 1 27
2 68
1 1 -78
2 -78
1 1 -71
2 -29
1 1 -97
2 72
1 1 12
1 1 -58
2 -97
1 1 64
1 1 28
1 1 -76
1 1 -75
1 1 -85
2 -78
1 1 86
1 1 -55
1 1 -64
2 -85
1 1 -10
1 1 76
1 1 25
1 1 2
1 1 14
2 -85
2 -75
1 1 20
1 1 -50
1 1 -20
1 1 -14
1 1 -83
2 20
1 1 -73
1 1 -61
1 1 -7
1 1 -92
2 -7
2 -73
1 1 60
1 1 56
2 -14
1 1 -92
2 -73
1 1 92
2 -83
1 1 34
1 1 47
2 47
1 1 -23
2 -7
2 -7
1 1 6
1 1 74
1 1 -33
2 56
1 1 -5
2 -92
1 1 -60
2 -60
1 1 -22
2 34
1 1 93
1 1 68
1 1 27
2 93
1 1 46
1 1 94
1 1 12
1 1 -61
1 1 -71
1 1 -14
1 1 40
2 40
1 1 43
1 1 14
1 1 -70
1 1 86
1 1 11
1 1 22
1 1 35
1 1 -1
1 1 -72
1 1 19
3 -61 28
1 1 -43
1 1 13
1 1 90
1 1 -25
1 1 72
2 13
2 -43
3 -27 55
1 1 -33
2 35
2 13
2 -25
1 1 82
2 82
1 1 -91
3 24 69
1 1 38
1 1 -94
1 1 -28
3 -35 96
1 1 -48
2 -33
2 -48
1 1 -64
1 1 -64
2 38
1 1 76
1 1 77
1 1 -39
2 -64
2 -64
3 -82 -71
1 1 -82
1 1 -23
2 -94
2 -48
2 -64
1 1 21
1 1 -42
2 -64
2 -64
1 1 -95
1 1 91
1 1 6
1 1 55
2 6
1 1 -54
1 1 71
1 1 -95
1 1 88
2 -95
1 1 -52
1 1 -10
1 1 -83
2 -54
2 -95
1 1 45
2 -52
1 1 -74
2 -10
1 1 -58
1 1 -86
1 1 -12
1 1 -94
1 1 84
1 1 74
2 -74
1 1 15
2 84
1 1 -87
2 -86
2 -86
1 1 36
1 1 -56
1 1 -50
1 1 -53
2 15
3 20 53
1 1 91
1 1 55
1 1 37
1 1 -13
1 1 91
3 -30 -23
1 1 -89
2 55
1 1 94
1 1 16
1 1 -17
2 37
1 1 64
1 1 9
2 94
1 1 -49
1 1 72
2 91
1 1 -55
1 1 -51
1 1 -56
1 1 89
1 1 70
1 1 1
1 1 72
2 72
1 1 56
1 1 81
1 1 66
1 1 -62
2 89
1 1 14
3 -93 -82
1 1 4
2 1
1 1 -94
2 -62
1 1 28
3 -62 -4
1 1 37
2 28
1 1 77
2 -62
1 1 -84
2 37
2 -84
1 1 42
2 37
1 1 -58
1 1 11
1 1 95
1 1 -16
1 1 -81
1 1 -86
1 1 62
1 1 0
2 -58
1 1 0
3 -20 97
2 42
1 1 60
1 1 89
2 11
1 1 10
1 1 -97
1 1 42
1 1 78
1 1 -20
1 1 -72
2 42
2 60
2 10
1 1 -18
2 -20
1 1 -85
1 1 -36
1 1 -55
2 78
1 1 -86
1 1 43
1 1 -15
2 -18
3 52 76
2 78
1 1 5
1 1 -43
1 1 34
1 1 -79
2 34
1 1 70
1 1 55
2 34
1 1 -1
1 1 -45
1 1 -16
1 1 74
1 1 37
1 1 -12
1 1 -69
2 -12
1 1 -65
1 1 62
1 1 -89
2 -65
2 74
1 1 -74
2 -12
1 1 -76
1 1 49
1 1 -5
1 1 81
1 1 95
2 -69
1 1 -20
1 1 -73
1 1 13
1 1 -19
1 1 87
2 -76
2 -19
1 1 -55
2 95
2 -19
1 1 -82
1 1 -44
1 1 23
2 -55
1 1 -16
1 1 -11
1 1 31
1 1 -60
1 1 11
1 1 83
2 23
2 -16
1 1 -79
1 1 33
1 1 43
2 -79
1 1 -40
1 1 -68
1 1 -32
1 1 72
1 1 -53
2 -79
1 1 35
1 1 -39
1 1 13
2 -68
2 -40
1 1 71
1 1 56
1 1 -28
2 35
1 1 48
1 1 -11
1 1 46
2 46
1 1 91
1 1 -16
1 1 -93
1 1 93
1 1 -67
2 -11
2 -67
1 1 -36
1 1 -37
1 1 11
1 1 22
2 91
1 1 -79
1 1 69
3 -79 81
2 -36
1 1 -29
1 1 77
1 1 84
1 1 -12
2 22
2 69
1 1 97
3 -12 4
2 -12
1 1 -5
1 1 -71
2 -12
2 97
2 77
1 1 13
1 1 -38
1 1 -22
1 1 7
1 1 -4
2 7
1 1 -99
2 -12
1 1 80
1 1 17
1 1 -12
1 1 -89
1 1 45
2 45
1 1 41
2 -4
1 1 33
2 45
1 1 -46
3 -15 38
1 1 -90
3 20 65
2 -12
1 1 92
1 1 15
1 1 21
2 92
1 1 -98
3 -60 -43
1 1 72
1 1 85
2 -90
1 1 -22
1 1 -3
1 1 -33
1 1 89
2 -33
2 -33
1 1 70
2 21
2 21
1 1 25
1 1 48
3 -16 93
2 48
1 1 -20
2 72
1 1 -31
2 -33
1 1 65
1 1 -98
1 1 -56
1 1 40
3 -65 -59
1 1 -30
2 -20
3 -87 -6
1 1 -35
1 1 -75
2 65
1 1 96
1 1 -75
1 1 -84
3 25 63
1 1 58
2 -75
1 1 -73
1 1 35
2 -30
1 1 93
1 1 81
1 1 23
1 1 -58
1 1 33
1 1 -85
1 1 23
2 33
1 1 -34
2 33
1 1 80
1 1 -42
1 1 -69
1 1 -52
1 1 -37
2 33
1 1 -69
1 1 36
1 1 -41
1 1 43
1 1 -93
1 1 -66
2 -42
2 -66
1 1 -91
1 1 68
2 68
2 -66
2 -52
1 1 17
1 1 -85
1 1 -9
3 -95 -24
2 -85
1 1 -6
2 -85
2 -6
3 -70 86
2 -9
2 -6
1 1 -93
1 1 19
2 -9
1 1 -47
2 -91
1 1 49
2 -93
2 17
1 1 -79
1 1 52
1 1 54
1 1 18
2 19
1 1 12
2 19
1 1 32
1 1 -84
1 1 52
1 1 31
1 1 -93
1 1 20
1 1 -60
1 1 -28
2 20
1 1 70
1 1 45
1 1 37
2 -84
2 20
1 1 46
1 1 -55
2 -28
1 1 95
1 1 -19
1 1 -11
2 37
2 46
2 -60
3 49 90
1 1 9
1 1 74
1 1 -58
1 1 53
1 1 23
1 1 -15
1 1 43
2 -15
1 1 -50
2 74
1 1 -70
3 -78 46
1 1 -73
1 1 89
1 1 -37
2 -50
1 1 -43
1 1 90
2 -73
2 -43
1 1 55
2 89
2 -50
1 1 34
1 1 53
1 1 -43
2 89
1 1 93
2 -43
1 1 29
2 53
3 36 77
1 1 1
1 1 -75
2 93
1 1 -53
1 1 -59
2 -43
2 1
1 1 -37
1 1 58
3 -59 29
1 1 -50
1 1 63
1 1 39
2 29
2 1
1 1 -29
1 1 23
1 1 -2
1 1 -69
2 -2
1 1 71
1 1 -34
1 1 35
1 1 49
1 1 -57
1 1 -66
2 -66
2 -2
2 -2
2 23
2 -69
1 1 -88
1 1 -72
3 -69 -10
1 1 23
2 -34
1 1 -54
1 1 67
2 67
2 49
1 1 -95
1 1 -27
1 1 -32
1 1 -33
1 1 63
1 1 -36
2 -72
1 1 -10
1 1 36
1 1 -17
2 63
1 1 -47
2 36
1 1 -90
1 1 -13
2 -90
2 -32
1 1 60
1 1 -57
1 1 70
1 1 -21
1 1 24
1 1 22
1 1 32
2 60
1 1 -82
1 1 -34
1 1 -72
2 -21
2 60
1 1 -37
1 1 -35
1 1 -34
3 -14 63
1 1 35
2 24
2 -82
1 1 44
1 1 -75
1 1 -30
1 1 -19
1 1 -52
1 1 70
1 1 -68
1 1 93
2 93
1 1 21
1 1 53
1 1 86
2 70
1 1 -43
2 -52
1 1 -51
1 1 -43
1 1 -80
1 1 15
1 1 86
3 -98 -27
3 -94 47
2 21
1 1 65
1 1 88
1 1 -62
1 1 -40
1 1 -80
1 1 -49
1 1 28
1 1 77
1 1 -37
1 1 -96
1 1 51
1 1 63
1 1 -48
1 1 -49
2 -80
1 1 -52
3 -1 31
1 1 -66
1 1 75
1 1 91
1 1 -4
2 -96
2 51
1 1 74
1 1 53
1 1 -60
1 1 -32
1 1 16
1 1 5
2 74
1 1 -79
1 1 -91
1 1 -49
2 -4
2 -91
2 -4
2 -49
1 1 -81
1 1 -35
1 1 -5
1 1 32
1 1 11
1 1 32
2 -35
3 7 52
1 1 80
1 1 65
3 -75 -47
1 1 19
2 11
1 1 71
1 1 -6
1 1 84
1 1 -40
1 1 12
1 1 81
1 1 87
2 12
1 1 23
1 1 -33
1 1 -48
1 1 -85
2 -6
1 1 -95
2 -95
3 49 61
1 1 -46
1 1 69
2 69
2 87
2 -95
2 23
1 1 64
1 1 -63
1 1 -83
1 1 -34
1 1 -25
1 1 52
1 1 -4
1 1 -1
2 -4
2 -83
1 1 30
1 1 36
1 1 33
2 -1
1 1 -17
1 1 -65
1 1 23
1 1 74
1 1 -14
1 1 -83
2 74
1 1 -19
1 1 38
1 1 99
1 1 84
1 1 16
1 1 59
1 1 -32
2 -32
1 1 -90
1 1 -97
2 59
1 1 67
1 1 34
2 99
2 99
2 -90
1 1 17
1 1 53
1 1 17
2 34
1 1 8
3 -39 42
1 1 -81
1 1 -88
1 1 -99
1 1 30
1 1 -42
3 -57 43
1 1 -20
2 -88
1 1 85
1 1 -49
1 1 -80
1 1 -12
1 1 63
1 1 -35
1 1 99
2 63
1 1 -42
1 1 -26
2 -35
2 85
2 85
1 1 57
1 1 74
1 1 -66
1 1 8
2 -42
1 1 76
1 1 -52
1 1 -49
1 1 87
1 1 38
1 1 83
3 -2 66
3 60 82
2 -49
2 87
1 1 -10
1 1 50
1 1 15
1 1 25
1 1 55
1 1 66
1 1 96
2 25
1 1 -4
1 1 -84
1 1 63
1 1 80
2 -4
2 -84
1 1 -71
1 1 -15
1 1 -7
1 1 -7
3 2 58
1 1 -2
1 1 -97
1 1 -50
1 1 9
1 1 -83
1 1 -70
1 1 3
1 1 91
1 1 -74
1 1 25
1 1 -54
1 1 -4
1 1 -96
2 -70
3 -75 16
1 1 -99
1 1 67
2 91
1 1 -76
1 1 -98
1 1 -52
1 1 -13
2 67
1 1 47
2 -98
2 -4
2 -4
1 1 63
2 47
3 -32 28
2 47
2 -96
2 -4
1 1 -13
1 1 -55
1 1 46
1 1 -81
2 -13
1 1 62
2 -55
1 1 16
3 -5 11
1 1 -40
1 1 28
2 16
1 1 -28
2 -81
1 1 24
3 -62 49
2 -28
2 46
1 1 -18
2 -40
1 1 12
1 1 -51
1 1 16
2 -51
1 1 88
1 1 -31
1 1 -6
1 1 35
2 16
1 1 -52
2 -31
1 1 17
3 -3 41
2 -31
1 1 -93
2 17
1 1 -43
1 1 44
3 -90 57
3 -96 64
1 1 18
1 1 24
1 1 -64
1 1 14
1 1 4
1 1 -81
2 -64
1 1 40
1 1 -63
1 1 -96
1 1 -90
2 4
2 -63
1 1 14
1 1 -5
1 1 -79
1 1 88
1 1 -49
1 1 27
2 40
2 -79
1 1 86
1 1 4
2 -5
1 1 -54
1 1 70
1 1 67
1 1 -11
1 1 81
1 1 -46
1 1 -58
2 86
1 1 -59
1 1 -36
1 1 -79
1 1 -97
2 -58
1 1 38
1 1 -58
1 1 -41
2 -58
1 1 69
1 1 64
2 -36
1 1 -34
1 1 7
2 -34
2 64
1 1 23
1 1 -79
1 1 10
1 1 59
2 -58
2 23
3 7 93
2 64
1 1 12
2 59
1 1 -11
1 1 -25
2 7
1 1 76
1 1 36
1 1 15
1 1 40
1 1 -95
2 10
1 1 89
2 40
1 1 63
1 1 27
2 -95
1 1 69
1 1 72
2 76
2 15
2 63
1 1 13
1 1 -98
1 1 -9
1 1 86
1 1 -78
1 1 30
1 1 45
1 1 94
2 45
1 1 -18
1 1 86
2 30
2 94
2 -98
1 1 26
1 1 52
1 1 -72
2 86
1 1 -12
1 1 39
2 26
1 1 1
1 1 -64
2 39
1 1 98
2 86
1 1 23
1 1 58
1 1 39
1 1 -60
2 98
1 1 27
1 1 -58
1 1 -12
1 1 96
2 -12
2 39
1 1 -90
2 58
2 -12
1 1 -61
1 1 -94
2 58
2 -61
1 1 -36
1 1 70
1 1 49
1 1 30
1 1 50
1 1 41
1 1 -59
3 -5 15
1 1 -64
2 50
1 1 -75
1 1 -8
1 1 95
1 1 -97
1 1 -91
1 1 -43
1 1 82
3 -55 38
1 1 -31
2 82
1 1 63
2 -8
3 -96 75
1 1 -41
1 1 69
2 95
1 1 11
2 11
1 1 -12
1 1 -51
1 1 53
1 1 -41
3 44 78
2 11
1 1 45
1 1 -24
1 1 -96
1 1 97
1 1 -90
2 -96
2 -24
1 1 -12
2 -12
1 1 52
1 1 -78
2 45
1 1 -8
1 1 -36
1 1 -52
1 1 3
1 1 -61
2 -78
1 1 -10
1 1 -63
2 -10
1 1 10
1 1 -28
1 1 -69
2 -69
1 1 -82
2 -69
1 1 53
2 -69
2 -10
2 -52
3 -24 -15
1 1 78
1 1 -78
2 -10
1 1 10
1 1 -55
1 1 26
1 1 67
3 -74 51
1 1 -47
1 1 -41
1 1 18
1 1 77
1 1 -22
2 -78
1 1 -84
2 26
2 10
3 -64 -7
1 1 -58
1 1 -62
1 1 -80
2 -47
2 -58
2 67
2 -41
3 -92 -17
1 1 5
1 1 -14
2 -22
1 1 -61
1 1 -97
1 1 14
1 1 85
1 1 -84
1 1 25
2 14
1 1 -1
1 1 -25
1 1 84
1 1 31
1 1 -48
2 -48
2 -25
1 1 -17
1 1 -92
1 1 60
1 1 99
2 -48
1 1 4
1 1 -51
1 1 79
1 1 -83
2 4
1 1 74
1 1 9
1 1 43
1 1 -80
1 1 -86
1 1 -20
1 1 85
1 1 7
3 -14 25
1 1 45
1 1 37
2 74
1 1 -97
1 1 -62
1 1 38
2 37
1 1 26
2 -20
1 1 8
1 1 78
1 1 -53
2 -97
1 1 -87
2 45
1 1 48
1 1 -4
1 1 -62
1 1 -78
1 1 70
1 1 -13
1 1 -92
1 1 1
2 48
2 70
3 -30 -7
2 48
1 1 -1
1 1 -35
3 91 99
2 -4
2 -62
2 -62
1 1 -62
2 -35
1 1 -52
2 -35
1 1 -75
1 1 37
1 1 4
2 1
1 1 -92
1 1 -94
1 1 -71
1 1 30
2 -75
1 1 92
2 4
1 1 -23
1 1 -38
1 1 -81
1 1 -67
2 4
1 1 -74
1 1 80
2 -23
1 1 41
1 1 30
1 1 -3
1 1 70
2 -74
2 -81
2 -23
1 1 -49
1 1 -88
2 70
1 1 -23
1 1 6
2 70
2 6
1 1 39
2 -23
1 1 -49
1 1 87
2 6
1 1 83
1 1 99
1 1 -6
2 39
1 1 16
2 99
2 39
1 1 35
1 1 13
1 1 -50
1 1 -21
2 -21
1 1 20
2 16
1 1 59
1 1 10
2 35
1 1 -53
2 59
1 1 -83
1 1 13
1 1 13
1 1 90
1 1 -68
1 1 69
2 -53
1 1 -45
1 1 -33
2 13
1 1 60
1 1 70
2 -33
1 1 38
1 1 59
3 -32 29
1 1 -86
1 1 54
1 1 -52
1 1 42
1 1 56
1 1 17
1 1 -7
2 17
1 1 22
1 1 98
1 1 -51
2 -86
1 1 -38
2 -51
1 1 -22
2 -38
2 -22
1 1 -91
1 1 7
1 1 78
1 1 -75
1 1 -15
1 1 17
2 98
2 -75
1 1 96
1 1 95
2 -22
3 -50 39
1 1 18
1 1 69
2 96
1 1 -4
2 -15
1 1 -39
1 1 66
2 -39
1 1 -49
1 1 41
2 96
3 44 75
1 1 62
1 1 -63
3 7 38
3 49 95
2 95
1 1 42
1 1 9
1 1 88
1 1 -79
1 1 14
1 1 -92
1 1 -47
2 -47
1 1 -59
2 -59
1 1 -67
