10000
2 14
1 1 37
1 1 14
1 1 1
1 1 55
2 -47
1 1 11
2 55
1 1 -97
1 1 -16
1 1 12
1 1 60
1 1 85
1 1 7
1 1 -45
1 1 -91
1 1 87
1 1 73
3 -15 24
1 1 -99
1 1 88
3 -15 40
1 1 -49
1 1 80
1 1 99
1 1 -85
1 1 -68
1 1 -23
1 1 -44
2 88
1 1 68
1 1 -7
2 -7
1 1 -93
1 1 -75
1 1 -41
1 1 97
1 1 -77
1 1 87
2 87
1 1 -25
1 1 20
2 -93
1 1 -4
1 1 29
1 1 -38
1 1 99
1 1 -13
2 87
3 -18 4
2 99
1 1 66
1 1 83
2 66
1 1 84
1 1 -47
1 1 -23
1 1 7
1 1 74
2 66
1 1 -21
2 83
1 1 -40
2 -21
1 1 -78
1 1 34
1 1 -89
1 1 88
3 -30 60
2 -21
2 -21
1 1 68
2 34
1 1 -16
1 1 -79
1 1 21
1 1 -75
1 1 25
1 1 86
1 1 -64
1 1 98
1 1 63
2 68
1 1 -37
1 1 37
1 1 17
1 1 -48
1 1 -88
1 1 -11
1 1 26
2 -37
1 1 15
1 1 -72
2 -48
1 1 -28
1 1 -31
1 1 80
2 17
1 1 85
1 1 73
1 1 76
1 1 -32
3 -70 48
1 1 23
1 1 -39
2 -28
2 -31
1 1 20
1 1 38
1 1 27
1 1 -33
1 1 -49
2 76
2 -39
1 1 36
1 1 42
2 38
2 20
2 -33
1 1 64
2 64
1 1 -74
2 -39
1 1 68
1 1 -27
2 -27
1 1 -99
1 1 -65
1 1 -89
1 1 -6
1 1 -30
2 68
1 1 -32
1 1 65
2 65
2 -6
2 -6
2 -30
1 1 65
1 1 62
1 1 57
1 1 47
2 62
1 1 -40
2 -32
2 -32
1 1 48
1 1 80
2 -32
1 1 59
1 1 15
1 1 -11
2 -11
2 65
1 1 32
1 1 -12
1 1 44
1 1 25
3 -56 -14
1 1 -18
2 32
1 1 66
2 66
1 1 -30
1 1 1
2 1
1 1 -49
1 1 -65
1 1 -17
1 1 -48
2 -48
2 -18
2 -17
1 1 -92
2 -65
1 1 -89
2 66
1 1 -17
1 1 55
1 1 -22
1 1 -26
1 1 -79
1 1 45
2 -17
1 1 -43
1 1 12
2 12
1 1 -29
3 -82 85
1 1 -80
1 1 59
1 1 58
2 -43
1 1 99
1 1 -10
1 1 -30
1 1 64
1 1 -17
2 64
2 64
1 1 -50
1 1 -95
2 -17
1 1 21
2 -10
1 1 -96
1 1 41
1 1 -92
1 1 -15
1 1 89
1 1 15
1 1 58
1 1 -62
2 -62
1 1 -32
1 1 -38
1 1 -98
1 1 47
1 1 -16
3 -45 1
1 1 -51
1 1 21
1 1 -11
1 1 60
1 1 -72
1 1 38
2 47
2 -51
1 1 19
1 1 33
1 1 -37
2 -37
1 1 38
2 33
1 1 -67
1 1 20
1 1 -64
3 -25 31
1 1 -6
1 1 -66
1 1 31
2 33
1 1 -78
1 1 -38
2 -6
1 1 39
2 20
2 -6
1 1 7
1 1 -19
1 1 4
2 39
2 -64
1 1 -16
1 1 4
1 1 20
1 1 -29
2 20
1 1 93
1 1 0
1 1 58
1 1 58
1 1 -1
1 1 -2
1 1 -53
1 1 88
1 1 68
1 1 25
1 1 3
2 -1
2 -53
1 1 49
3 -66 52
2 -2
1 1 -17
1 1 16
1 1 72
1 1 -72
3 -2 54
1 1 -53
1 1 -27
3 -92 15
2 -53
1 1 -34
2 -72
1 1 -83
1 1 -75
1 1 -99
1 1 0
1 1 88
1 1 0
1 1 -43
1 1 -34
1 1 -98
1 1 -5
1 1 84
1 1 -48
2 88
1 1 -34
1 1 -6
1 1 36
1 1 -17
1 1 -43
1 1 11
1 1 21
1 1 -28
1 1 64
1 1 -2
1 1 -33
2 -6
1 1 -84
1 1 67
1 1 76
1 1 -70
1 1 40
2 76
1 1 57
1 1 44
1 1 -67
2 76
1 1 -92
3 73 98
1 1 82
2 -92
1 1 43
2 76
1 1 29
2 44
1 1 72
1 1 65
1 1 52
1 1 77
1 1 -54
1 1 -32
2 29
1 1 78
2 65
2 65
1 1 81
2 81
2 29
1 1 -91
1 1 44
1 1 -17
1 1 62
1 1 39
2 62
1 1 79
1 1 42
2 -91
2 78
2 39
2 78
2 44
2 -91
1 1 -30
1 1 -22
1 1 -33
2 39
2 -22
1 1 36
1 1 -70
1 1 -22
1 1 41
3 -52 53
2 -33
1 1 -77
1 1 -57
1 1 -77
1 1 81
2 -22
2 -77
1 1 46
2 -77
1 1 -24
2 41
1 1 -38
1 1 -2
2 46
1 1 23
2 23
2 81
1 1 45
1 1 73
1 1 97
2 -24
2 -38
2 23
1 1 71
3 -67 -28
1 1 -5
1 1 22
1 1 46
1 1 -32
1 1 9
1 1 31
1 1 49
1 1 84
2 9
1 1 64
2 -32
1 1 -29
3 -98 44
1 1 -25
1 1 -62
1 1 -14
1 1 -74
2 64
1 1 -72
2 64
2 84
2 49
1 1 -25
1 1 3
2 3
1 1 -20
1 1 46
3 -47 15
1 1 42
1 1 -1
1 1 -35
2 -1
1 1 -24
1 1 69
2 46
1 1 69
1 1 -41
1 1 -60
1 1 37
2 -60
1 1 41
2 -41
1 1 -6
1 1 -95
1 1 27
1 1 -36
1 1 98
1 1 -23
2 41
2 -36
1 1 -50
1 1 -88
1 1 28
1 1 -56
2 -56
1 1 47
1 1 -66
2 47
1 1 -26
1 1 9
1 1 -25
1 1 48
1 1 39
1 1 20
2 -25
2 -56
1 1 78
1 1 47
2 47
1 1 15
1 1 -83
1 1 56
1 1 -85
1 1 74
3 -83 86
1 1 -15
2 -85
2 39
1 1 -62
1 1 -81
1 1 21
3 -88 49
1 1 -2
2 21
1 1 -84
1 1 -58
2 -62
2 21
1 1 -58
2 -58
1 1 -69
1 1 -71
2 -58
1 1 -29
1 1 -30
2 -58
2 -29
1 1 29
1 1 -54
1 1 -19
1 1 -18
1 1 51
1 1 -91
2 -91
1 1 -39
1 1 -10
1 1 7
1 1 46
1 1 0
1 1 -89
1 1 27
1 1 -88
1 1 -24
2 -24
2 7
2 -39
3 -89 -84
3 -89 81
1 1 -87
1 1 -54
1 1 -56
2 7
1 1 39
3 -35 24
1 1 49
2 -87
1 1 -23
2 -87
1 1 66
1 1 -17
1 1 71
2 -56
2 -17
3 -77 -57
1 1 53
2 66
2 -23
1 1 22
2 -54
1 1 -81
2 53
1 1 -6
1 1 90
1 1 -83
2 90
1 1 10
2 53
1 1 71
1 1 -67
1 1 49
1 1 -21
1 1 -55
1 1 -77
1 1 -18
1 1 86
1 1 92
2 71
1 1 43
1 1 -76
2 -18
1 1 -26
1 1 -44
1 1 -69
2 -69
3 50 70
2 -26
1 1 -24
1 1 -43
2 -43
1 1 -41
1 1 -82
1 1 -27
2 -76
1 1 -67
2 -44
2 -67
1 1 25
2 -67
2 -44
1 1 83
1 1 81
1 1 23
1 1 9
1 1 71
1 1 35
1 1 -95
1 1 -30
1 1 72
2 -95
1 1 -94
3 -90 -28
2 72
1 1 33
1 1 11
2 11
2 72
1 1 -77
1 1 -2
2 72
1 1 -35
1 1 -17
1 1 -3
1 1 67
1 1 -77
1 1 28
2 28
1 1 86
1 1 82
2 -3
1 1 -56
2 -35
2 82
1 1 -54
1 1 99
1 1 37
1 1 -53
1 1 34
1 1 -5
3 -93 26
1 1 -77
2 -54
2 99
1 1 77
1 1 95
1 1 -49
2 -77
1 1 -24
1 1 66
2 77
2 37
1 1 -90
1 1 -19
2 66
1 1 -77
1 1 -52
2 -19
2 -90
2 -77
1 1 78
1 1 -67
2 -19
1 1 84
1 1 32
1 1 94
1 1 3
1 1 -6
1 1 5
1 1 95
3 -6 34
1 1 -92
3 39 73
2 84
2 5
2 -92
2 5
2 78
1 1 80
1 1 -74
1 1 50
2 3
2 -74
2 50
1 1 89
1 1 -16
2 95
1 1 -6
2 50
1 1 4
2 4
2 80
1 1 39
1 1 -92
1 1 -42
1 1 50
1 1 -40
1 1 72
1 1 5
1 1 -48
1 1 -94
1 1 -32
1 1 76
2 -92
1 1 -4
2 -48
1 1 -79
1 1 98
1 1 -42
1 1 20
2 -94
1 1 -28
2 -42
2 -94
1 1 -47
1 1 96
1 1 -32
1 1 -34
2 -42
1 1 64
1 1 21
2 21
1 1 -85
2 -34
1 1 -73
1 1 -28
1 1 18
2 64
1 1 68
1 1 -30
2 -73
1 1 52
2 52
1 1 94
3 -43 45
2 18
1 1 24
3 -60 28
1 1 -78
1 1 -14
2 -30
1 1 -87
1 1 -99
2 94
2 -14
1 1 -69
1 1 40
2 -69
1 1 77
2 -87
1 1 81
1 1 -52
1 1 17
1 1 -62
1 1 -35
2 -99
1 1 -80
1 1 19
1 1 75
1 1 -57
3 -51 72
1 1 -57
1 1 -81
2 -35
2 -52
2 -52
1 1 0
1 1 -28
3 -67 -62
2 -81
1 1 -86
1 1 -14
1 1 72
1 1 -24
2 -57
1 1 22
2 -86
1 1 63
1 1 77
2 77
1 1 28
2 0
2 28
2 77
2 77
1 1 1
1 1 34
1 1 73
2 73
2 34
1 1 16
2 77
2 77
1 1 72
1 1 -53
2 34
1 1 62
1 1 -48
2 77
1 1 -79
2 62
1 1 -37
2 1
2 -79
1 1 -78
2 62
1 1 25
1 1 81
2 -78
1 1 -71
2 -48
1 1 35
1 1 -33
1 1 -10
2 25
1 1 91
1 1 34
1 1 50
1 1 -30
1 1 90
3 -82 82
1 1 55
1 1 40
2 91
1 1 -98
1 1 -33
1 1 -31
1 1 -16
3 35 88
2 -33
1 1 94
1 1 57
2 -16
1 1 -21
2 -21
1 1 92
1 1 -67
3 -67 38
1 1 -64
1 1 -91
2 -33
3 46 87
1 1 30
1 1 71
1 1 37
3 -45 52
1 1 59
1 1 -2
1 1 22
1 1 -38
1 1 75
1 1 84
1 1 82
2 71
2 -38
1 1 -27
1 1 9
1 1 -73
1 1 89
1 1 16
2 -38
1 1 28
1 1 76
1 1 30
2 -73
1 1 -92
1 1 21
1 1 -93
1 1 -22
2 16
1 1 -72
1 1 -19
1 1 24
2 76
1 1 -74
3 -96 -11
1 1 -85
1 1 95
1 1 -72
1 1 78
2 -72
2 -93
1 1 -97
2 -72
2 24
2 24
2 -22
1 1 46
1 1 -82
1 1 35
1 1 67
2 67
1 1 -88
2 35
1 1 92
1 1 48
1 1 2
1 1 58
2 2
1 1 -30
1 1 -20
1 1 -64
2 35
1 1 13
1 1 87
1 1 -81
1 1 -75
2 -64
2 13
1 1 -45
1 1 -19
1 1 -73
1 1 -9
1 1 20
1 1 -59
1 1 53
1 1 -15
1 1 -45
1 1 -12
1 1 6
2 -12
1 1 -90
2 -9
1 1 -53
2 -45
3 18 65
2 -90
1 1 -9
1 1 -84
1 1 22
1 1 41
2 -15
1 1 -23
2 -84
2 -84
2 -12
2 -45
2 -84
2 22
1 1 -12
2 41
1 1 90
1 1 -38
1 1 -82
1 1 -3
1 1 -66
2 22
2 -23
1 1 75
2 -12
1 1 20
1 1 2
1 1 68
1 1 -79
1 1 -41
2 -79
1 1 82
2 2
1 1 -41
2 68
1 1 -70
1 1 -97
1 1 -95
1 1 -69
2 68
2 -41
2 68
1 1 -90
1 1 -50
3 -47 -45
1 1 25
1 1 -14
2 -50
1 1 0
1 1 55
2 -50
1 1 3
1 1 52
1 1 -38
1 1 87
1 1 99
1 1 75
2 52
2 -14
2 87
2 0
1 1 -18
1 1 -68
1 1 -73
1 1 76
1 1 -82
2 52
2 -82
2 -68
2 87
2 87
1 1 -5
1 1 68
1 1 75
1 1 55
2 55
1 1 26
1 1 -56
1 1 73
1 1 92
3 41 83
2 68
1 1 41
2 92
1 1 -1
2 55
1 1 62
1 1 10
2 41
2 41
2 10
1 1 -63
1 1 -11
1 1 -12
1 1 -51
1 1 27
1 1 -89
1 1 37
2 -63
1 1 -17
1 1 41
2 -51
1 1 -44
1 1 -34
1 1 6
1 1 -82
1 1 33
2 -89
1 1 -89
1 1 -71
2 -89
1 1 -19
2 -17
1 1 92
2 92
2 -34
2 41
1 1 -29
2 -29
1 1 -38
1 1 2
1 1 -89
1 1 -82
2 -29
1 1 -74
1 1 -89
2 -71
1 1 24
1 1 -80
2 -89
2 -89
2 -89
3 -25 36
1 1 81
2 -89
1 1 -39
1 1 -81
2 81
1 1 96
2 96
2 -80
1 1 17
1 1 -80
2 -80
1 1 -34
2 81
2 -39
2 96
3 -74 23
3 -83 86
2 -80
2 -80
1 1 -99
1 1 97
2 -34
1 1 -3
1 1 -63
1 1 52
2 -99
1 1 -32
1 1 20
2 52
3 -8 82
1 1 -33
1 1 63
1 1 96
2 52
2 97
1 1 15
1 1 -18
1 1 29
1 1 -1
1 1 -37
2 -32
1 1 49
1 1 33
1 1 89
1 1 -77
1 1 38
1 1 24
1 1 -13
1 1 -72
2 49
2 38
2 -72
2 -1
1 1 8
1 1 34
1 1 -35
1 1 59
1 1 -5
2 8
2 -5
2 34
1 1 -36
2 38
2 -36
1 1 -24
1 1 1
1 1 -27
2 -72
1 1 -57
1 1 39
1 1 69
2 39
1 1 -21
2 39
2 69
1 1 -51
1 1 4
1 1 4
1 1 -99
1 1 -92
1 1 -22
1 1 42
2 -99
1 1 -49
1 1 58
1 1 76
1 1 -50
1 1 69
1 1 -62
1 1 5
1 1 -92
1 1 62
2 -50
1 1 -80
2 -80
1 1 88
1 1 96
1 1 25
3 -47 14
1 1 55
1 1 49
1 1 -67
2 55
2 5
1 1 87
2 87
1 1 -52
1 1 -49
2 55
2 -80
1 1 -14
1 1 4
2 -67
2 4
1 1 50
1 1 81
1 1 82
2 82
3 -59 86
1 1 49
2 81
2 87
1 1 81
2 87
1 1 27
2 81
1 1 -47
1 1 -84
2 50
1 1 94
2 27
1 1 85
1 1 8
1 1 19
1 1 -17
1 1 -15
1 1 30
1 1 35
1 1 76
2 76
3 -54 97
1 1 -72
2 8
2 35
1 1 6
1 1 -80
2 -17
3 -71 29
1 1 -27
1 1 -91
2 76
1 1 76
2 -80
2 -15
1 1 80
1 1 -89
2 -89
1 1 70
1 1 -67
2 -89
1 1 -35
3 -7 41
1 1 -31
1 1 -38
2 -91
2 70
1 1 26
2 80
2 -35
2 -67
1 1 43
1 1 51
1 1 -6
1 1 43
1 1 65
2 -31
1 1 -15
1 1 -68
1 1 -4
2 -68
1 1 -73
1 1 31
2 43
2 43
2 51
3 -91 -62
1 1 -3
1 1 -68
2 65
2 -73
2 -68
2 -73
1 1 -33
2 43
2 -33
1 1 -78
1 1 -86
1 1 -88
1 1 -14
1 1 99
2 -3
1 1 57
1 1 66
2 -14
1 1 13
1 1 -59
2 -33
2 -78
1 1 91
1 1 -17
1 1 -23
1 1 -42
1 1 -97
1 1 1
1 1 70
2 66
1 1 -84
1 1 72
1 1 -88
1 1 45
1 1 35
1 1 -39
1 1 -90
1 1 38
1 1 12
1 1 65
1 1 -16
2 -39
2 38
1 1 54
2 -90
2 38
1 1 31
1 1 -16
1 1 -75
1 1 -99
2 -99
3 16 87
2 65
1 1 2
1 1 -58
2 54
1 1 19
2 54
1 1 78
1 1 24
1 1 22
1 1 38
1 1 5
1 1 -66
1 1 -54
1 1 -91
1 1 33
1 1 -31
1 1 59
1 1 -50
1 1 -8
1 1 -62
1 1 5
1 1 1
1 1 -52
2 -31
2 1
1 1 -65
1 1 -84
1 1 -2
2 -84
1 1 -74
1 1 8
1 1 -18
1 1 23
1 1 23
2 -65
3 59 80
1 1 -74
2 -52
2 -65
1 1 0
2 -74
1 1 12
1 1 -62
3 -94 25
1 1 64
3 -97 62
1 1 -58
1 1 59
1 1 -67
1 1 41
1 1 63
3 -68 -3
1 1 -23
1 1 63
2 -62
1 1 90
1 1 -57
1 1 -61
1 1 5
1 1 -54
1 1 -75
2 -23
1 1 8
3 -58 54
2 -61
1 1 35
2 63
3 60 78
1 1 54
1 1 -86
1 1 19
1 1 86
1 1 -1
1 1 63
1 1 -48
2 -75
1 1 46
1 1 22
2 22
2 -86
1 1 78
2 22
2 46
2 78
2 46
1 1 -58
1 1 49
1 1 -5
1 1 -37
1 1 -36
1 1 -59
2 78
2 22
2 46
1 1 -86
1 1 76
1 1 -24
1 1 -66
2 -5
2 -58
1 1 -31
2 -86
1 1 -21
1 1 -63
1 1 62
2 62
1 1 49
1 1 -64
1 1 -57
1 1 76
1 1 -75
2 -31
1 1 29
1 1 16
3 -76 -49
1 1 96
3 -24 0
1 1 5
2 76
2 76
2 62
2 96
1 1 89
1 1 -21
2 5
1 1 -97
1 1 -80
1 1 17
1 1 -33
2 -21
1 1 60
2 5
1 1 45
1 1 20
1 1 62
1 1 99
1 1 9
1 1 37
3 16 82
2 45
1 1 37
1 1 -97
2 9
2 99
1 1 -78
2 37
2 37
1 1 -45
1 1 -42
1 1 -59
1 1 7
2 37
1 1 56
1 1 -42
1 1 72
2 -78
1 1 -56
3 -2 11
1 1 10
1 1 10
2 -45
1 1 41
1 1 79
1 1 63
1 1 -92
1 1 34
1 1 -90
1 1 16
1 1 -65
2 63
2 -65
2 34
2 10
2 10
1 1 -52
1 1 -44
2 -52
2 -90
2 41
1 1 -52
2 -52
1 1 -72
2 16
2 -92
2 -92
1 1 -2
1 1 44
2 34
1 1 42
1 1 -86
1 1 77
1 1 48
2 44
2 42
1 1 -56
1 1 -87
2 -2
2 44
2 44
1 1 -63
1 1 32
2 44
3 -97 26
1 1 -89
2 32
1 1 0
2 -86
2 32
1 1 -3
2 -87
1 1 6
1 1 -79
2 0
1 1 -78
1 1 -63
2 -78
1 1 -48
2 -63
2 -63
2 6
1 1 48
1 1 -64
2 6
1 1 19
1 1 -59
1 1 66
1 1 9
1 1 45
1 1 24
2 45
3 5 71
2 19
1 1 61
1 1 -35
2 9
1 1 22
2 61
1 1 89
2 -35
1 1 96
1 1 96
1 1 -85
2 24
2 96
2 -85
1 1 34
2 34
2 61
2 89
2 89
2 89
1 1 -85
1 1 -71
2 34
1 1 90
1 1 86
1 1 -45
1 1 -35
2 96
1 1 -76
1 1 74
2 -76
2 86
1 1 -19
1 1 -35
1 1 -48
1 1 -86
2 -45
1 1 -30
1 1 52
1 1 53
1 1 -54
1 1 -3
1 1 42
2 52
1 1 22
1 1 -25
1 1 -95
2 -3
1 1 -47
1 1 81
1 1 64
1 1 71
1 1 -84
1 1 83
1 1 62
1 1 -50
1 1 -49
1 1 41
1 1 -85
1 1 -68
1 1 0
1 1 31
2 -49
2 -68
1 1 71
1 1 14
1 1 84
1 1 -32
1 1 -68
1 1 -65
2 -68
2 -68
2 -68
2 -68
1 1 31
1 1 -96
2 -96
1 1 -70
2 71
1 1 59
1 1 69
1 1 70
2 -68
3 -10 67
1 1 -74
2 69
2 -32
2 31
1 1 21
1 1 -74
2 31
2 -70
1 1 10
1 1 13
1 1 31
2 31
1 1 -21
1 1 -89
1 1 -21
1 1 -18
2 -21
1 1 84
2 13
1 1 -2
1 1 16
1 1 18
2 13
1 1 -32
1 1 -27
2 -18
1 1 6
1 1 19
2 19
2 6
1 1 -15
1 1 28
2 16
1 1 -99
1 1 75
1 1 21
2 21
1 1 9
2 19
1 1 58
2 21
1 1 42
2 19
2 28
1 1 65
1 1 -86
1 1 1
1 1 -71
1 1 14
1 1 86
1 1 -31
2 42
1 1 10
2 65
1 1 -91
3 -84 35
1 1 46
1 1 12
1 1 21
1 1 81
1 1 71
1 1 -43
1 1 -6
1 1 70
1 1 -47
1 1 -37
2 70
1 1 -40
2 70
1 1 6
2 71
1 1 -41
2 -37
1 1 1
1 1 1
1 1 -2
2 -37
2 -47
1 1 -96
1 1 13
2 1
1 1 18
1 1 41
2 1
2 1
1 1 48
2 1
1 1 49
3 6 38
1 1 -87
1 1 43
2 18
3 -27 14
1 1 -24
3 -60 39
1 1 23
1 1 -5
1 1 30
1 1 -77
3 23 53
1 1 -24
1 1 5
1 1 -91
1 1 30
2 -77
1 1 9
1 1 15
1 1 20
1 1 -9
1 1 9
2 -77
1 1 -47
1 1 -64
1 1 51
1 1 -88
1 1 -5
1 1 14
1 1 -38
1 1 -76
2 -5
2 -9
2 9
2 -76
1 1 -89
2 14
2 9
1 1 47
1 1 87
1 1 -35
2 -76
1 1 21
1 1 -87
1 1 -23
2 -23
2 -38
2 -87
1 1 64
2 -76
2 -89
1 1 -1
1 1 2
2 -87
2 -1
1 1 64
2 64
1 1 -83
1 1 -96
1 1 -38
3 -33 -23
1 1 52
1 1 -24
1 1 79
1 1 2
1 1 -99
2 2
2 64
1 1 -10
1 1 30
1 1 55
2 52
1 1 -4
2 79
2 -38
1 1 4
1 1 58
1 1 46
1 1 56
1 1 -81
1 1 78
1 1 46
1 1 82
1 1 -41
1 1 -60
1 1 24
1 1 31
2 56
1 1 69
1 1 84
1 1 89
1 1 -81
3 -98 26
1 1 59
2 -41
3 -59 -21
2 59
1 1 40
1 1 -30
2 84
2 -30
1 1 -44
2 89
1 1 6
1 1 -17
3 -31 3
1 1 -69
1 1 -45
1 1 54
2 -44
1 1 -60
1 1 -75
2 -60
2 -44
1 1 3
1 1 91
1 1 16
2 6
1 1 -69
2 -75
1 1 -90
3 -98 -27
1 1 -45
1 1 2
1 1 95
2 95
2 -45
2 -45
1 1 42
1 1 -65
3 -48 -17
1 1 -30
1 1 -51
1 1 -37
2 -65
1 1 -22
1 1 -64
3 -57 32
1 1 -98
1 1 87
1 1 -81
1 1 50
1 1 21
1 1 -76
1 1 -7
1 1 56
1 1 78
1 1 -5
2 50
1 1 -23
1 1 -66
1 1 -60
2 -5
2 -76
1 1 -18
1 1 -40
2 -18
1 1 73
1 1 -19
1 1 -14
1 1 78
1 1 -94
1 1 -68
2 -68
1 1 -35
2 73
1 1 95
2 -35
1 1 -30
2 -19
1 1 12
1 1 -12
2 -68
1 1 90
1 1 41
2 -30
2 -94
1 1 -84
1 1 -50
1 1 86
1 1 -53
1 1 30
1 1 -65
1 1 -57
1 1 47
1 1 56
1 1 -93
1 1 6
1 1 -96
1 1 -19
1 1 97
3 19 87
2 -96
1 1 97
1 1 -65
2 -19
2 -96
1 1 18
1 1 52
3 -90 -47
1 1 87
2 -93
1 1 -89
1 1 -75
1 1 23
1 1 86
2 18
1 1 45
2 87
1 1 -30
2 -30
2 87
1 1 66
1 1 66
1 1 40
1 1 72
2 -75
3 -14 -14
1 1 21
1 1 41
1 1 30
1 1 81
2 45
1 1 21
1 1 78
1 1 40
1 1 19
2 41
1 1 63
3 -57 55
1 1 -97
1 1 -46
1 1 38
1 1 -51
1 1 42
1 1 -50
1 1 31
1 1 -61
2 31
1 1 -72
2 -51
1 1 -67
1 1 24
3 -67 42
2 -67
1 1 71
1 1 93
2 -61
1 1 -96
3 5 16
1 1 71
1 1 -64
1 1 65
1 1 -40
2 -40
1 1 -87
1 1 -91
3 44 58
1 1 15
2 71
1 1 0
1 1 -86
1 1 15
1 1 90
1 1 -77
1 1 -50
1 1 54
2 90
1 1 -61
3 -23 96
1 1 96
1 1 -40
2 96
1 1 90
1 1 -85
1 1 -75
1 1 90
1 1 -35
1 1 40
2 40
3 -3 78
2 -35
1 1 -94
2 -35
1 1 -39
1 1 -67
1 1 -21
1 1 7
1 1 -11
1 1 -54
2 40
1 1 74
1 1 -90
1 1 -58
2 -54
1 1 -96
1 1 -67
2 -54
1 1 -62
1 1 -70
1 1 -5
1 1 -44
1 1 61
1 1 44
1 1 23
1 1 -6
1 1 97
1 1 43
2 61
2 -5
1 1 28
1 1 44
1 1 -12
1 1 -28
1 1 11
2 28
2 -12
1 1 -19
1 1 -18
2 -28
1 1 -77
1 1 -21
1 1 -53
1 1 -10
1 1 -60
1 1 50
1 1 83
1 1 -48
1 1 83
2 -10
1 1 10
1 1 44
2 44
1 1 55
1 1 74
1 1 95
1 1 -79
2 -48
2 50
3 24 61
2 44
1 1 41
3 -79 -75
1 1 -86
2 55
1 1 56
1 1 -16
1 1 -97
1 1 58
1 1 70
1 1 71
1 1 36
2 -86
1 1 -86
1 1 37
1 1 81
2 -97
1 1 11
1 1 75
1 1 3
1 1 -28
2 37
1 1 -33
2 71
1 1 -21
1 1 -68
2 -86
1 1 73
1 1 13
1 1 -24
1 1 27
2 13
3 66 83
2 -68
2 -24
2 -28
1 1 99
2 13
1 1 -41
1 1 -83
1 1 54
1 1 -27
1 1 19
1 1 -73
2 99
1 1 56
1 1 73
1 1 95
2 -83
2 99
1 1 62
1 1 -33
2 62
3 -1 89
2 19
1 1 82
1 1 -38
1 1 -1
1 1 95
2 73
1 1 64
1 1 -79
1 1 23
1 1 57
1 1 38
2 64
1 1 23
1 1 -37
2 -1
1 1 -17
2 23
1 1 53
2 64
2 -79
2 23
1 1 -56
1 1 24
1 1 74
1 1 2
2 -17
2 23
1 1 -5
1 1 -20
1 1 34
2 -17
1 1 -37
1 1 -86
1 1 -12
1 1 37
2 74
2 74
2 -37
1 1 42
1 1 4
1 1 48
1 1 69
2 69
1 1 6
1 1 8
2 37
1 1 -36
1 1 70
1 1 -1
2 8
1 1 -42
1 1 33
2 -1
1 1 89
1 1 58
2 58
2 -42
1 1 78
2 -42
2 8
1 1 41
1 1 86
1 1 20
1 1 7
2 78
2 -42
1 1 -51
2 89
1 1 -1
1 1 31
1 1 -45
1 1 -52
2 78
1 1 -67
1 1 5
1 1 -65
1 1 96
2 7
1 1 40
1 1 26
2 -65
1 1 -83
1 1 -74
1 1 -40
2 96
2 -74
1 1 76
1 1 82
1 1 -38
2 40
2 40
1 1 39
1 1 -10
1 1 13
1 1 46
1 1 96
2 -10
2 82
2 96
1 1 93
2 -40
1 1 -64
1 1 89
1 1 -62
1 1 25
1 1 31
1 1 -63
2 96
2 25
2 31
1 1 18
1 1 71
1 1 90
1 1 -65
1 1 -25
2 90
2 18
2 -65
1 1 -88
2 -25
2 90
1 1 -5
2 -5
1 1 65
1 1 19
2 -65
1 1 -43
2 -25
1 1 14
1 1 59
2 -43
1 1 -28
2 -28
1 1 -6
2 59
1 1 53
3 -46 21
2 -6
2 -5
1 1 -8
1 1 -19
1 1 -34
1 1 -91
1 1 -25
2 -91
2 -28
2 -19
2 -6
1 1 61
2 53
2 -6
2 -34
1 1 -65
1 1 -34
1 1 -15
1 1 77
1 1 -43
1 1 82
2 -91
1 1 13
1 1 -13
1 1 31
2 82
2 13
1 1 -97
1 1 -16
1 1 -94
1 1 32
1 1 92
1 1 47
2 82
1 1 -64
1 1 -27
1 1 -11
1 1 -29
1 1 93
1 1 -93
2 -11
2 47
1 1 59
2 -64
1 1 9
1 1 -70
3 26 78
1 1 -3
2 -11
1 1 -15
1 1 65
1 1 28
1 1 -29
2 9
2 93
1 1 79
2 -3
1 1 -81
1 1 53
1 1 4
1 1 3
2 4
1 1 -67
1 1 -82
1 1 -72
1 1 26
2 -81
1 1 50
2 -67
2 -72
1 1 -73
1 1 62
1 1 66
3 48 89
2 -73
3 -11 -8
1 1 66
1 1 -67
1 1 23
1 1 -43
1 1 -98
1 1 1
1 1 65
1 1 -50
2 23
1 1 -69
1 1 35
1 1 -6
1 1 33
1 1 13
1 1 67
2 1
1 1 -55
2 -69
1 1 -1
1 1 -74
1 1 -59
1 1 -82
1 1 62
2 -1
1 1 -56
2 -82
1 1 -88
1 1 -67
2 -82
2 62
1 1 -63
2 -1
1 1 -42
2 -59
1 1 57
1 1 12
1 1 65
1 1 10
3 -21 21
1 1 8
1 1 37
1 1 51
1 1 -33
2 -42
2 -33
1 1 86
1 1 84
1 1 -16
1 1 82
1 1 -83
3 -35 61
1 1 19
1 1 85
1 1 -80
1 1 -95
1 1 -16
1 1 -18
1 1 41
1 1 15
2 82
2 -16
1 1 -94
1 1 -92
1 1 35
2 -92
2 -16
2 41
1 1 -55
3 -55 -43
1 1 4
1 1 27
2 -55
1 1 41
1 1 55
1 1 58
1 1 -7
1 1 96
3 -18 35
1 1 -36
2 96
1 1 -70
1 1 94
2 58
2 94
1 1 -14
2 41
1 1 -16
2 -36
1 1 -1
1 1 27
1 1 -66
1 1 -36
1 1 -32
2 -70
1 1 -73
1 1 -84
1 1 71
2 -14
1 1 -15
1 1 -41
1 1 77
2 77
1 1 -57
1 1 94
1 1 -56
1 1 -46
1 1 12
1 1 62
1 1 6
1 1 4
2 4
1 1 -9
2 12
1 1 45
1 1 84
1 1 -89
2 84
1 1 31
2 -9
1 1 -48
3 29 57
2 -48
1 1 91
2 84
1 1 66
1 1 1
1 1 -99
1 1 -26
1 1 -78
2 -89
2 91
1 1 99
1 1 25
1 1 -8
2 25
1 1 -59
2 66
2 99
2 1
1 1 -76
2 -26
1 1 -41
2 -78
2 -41
2 -59
1 1 -6
1 1 9
1 1 52
1 1 46
2 -76
1 1 -56
2 46
1 1 51
1 1 -41
1 1 81
1 1 -30
1 1 22
2 -30
2 51
2 9
1 1 43
3 -91 40
2 43
1 1 18
1 1 37
2 -56
1 1 31
1 1 -86
1 1 -79
1 1 -41
1 1 86
1 1 0
1 1 -17
1 1 21
1 1 -74
1 1 -82
1 1 70
1 1 -12
1 1 40
1 1 1
1 1 -16
2 -16
2 1
1 1 -40
1 1 25
1 1 -97
1 1 38
1 1 22
1 1 -62
2 1
1 1 28
1 1 -50
1 1 -80
1 1 64
1 1 12
1 1 -74
1 1 -85
3 -61 -37
1 1 -68
2 -74
2 22
1 1 63
1 1 71
2 12
1 1 -52
2 -50
2 63
1 1 -19
2 71
2 -74
1 1 -28
1 1 -83
1 1 13
1 1 77
2 -85
1 1 96
1 1 -7
1 1 75
2 -83
1 1 41
2 96
1 1 -93
1 1 -89
1 1 -64
1 1 90
1 1 -30
1 1 65
1 1 -62
1 1 -56
3 -75 -43
1 1 -79
1 1 61
1 1 70
2 -56
1 1 50
1 1 -98
1 1 -55
1 1 4
1 1 22
1 1 15
1 1 58
1 1 19
2 15
2 50
1 1 53
2 58
1 1 19
2 53
1 1 26
2 19
1 1 92
1 1 -16
2 22
1 1 73
1 1 54
1 1 -56
3 21 95
1 1 -69
1 1 79
2 -69
1 1 83
1 1 36
1 1 -16
1 1 -27
2 -69
2 36
1 1 93
1 1 -91
3 -63 37
2 54
1 1 -83
1 1 -90
2 -91
1 1 3
1 1 3
1 1 -39
1 1 99
1 1 29
2 -83
1 1 -83
1 1 73
1 1 -65
2 -83
2 3
2 3
2 -83
2 -90
1 1 48
1 1 11
1 1 -25
1 1 70
1 1 94
1 1 -14
2 -25
2 -83
1 1 87
1 1 -83
2 87
2 73
1 1 -39
1 1 -13
1 1 1
1 1 -16
1 1 -36
2 -83
1 1 -92
1 1 -15
1 1 -34
1 1 -70
1 1 45
2 -36
1 1 82
1 1 -35
1 1 -49
1 1 -46
1 1 12
2 -15
2 -92
1 1 9
1 1 79
2 -49
1 1 59
2 -49
1 1 -43
1 1 17
1 1 -46
1 1 -13
1 1 -97
2 -97
1 1 58
2 59
1 1 14
2 59
2 58
2 -13
1 1 80
1 1 36
1 1 -76
2 -13
2 36
1 1 -86
2 17
1 1 -60
2 -97
1 1 -12
2 -13
1 1 28
1 1 0
3 -37 83
1 1 20
1 1 -98
2 -76
3 -73 82
1 1 -54
1 1 20
1 1 -15
1 1 99
1 1 -72
2 -98
1 1 -88
1 1 -36
2 -72
1 1 82
1 1 60
1 1 99
2 60
1 1 87
1 1 -95
1 1 29
2 29
3 -56 -14
1 1 43
2 60
1 1 -54
2 99
2 60
1 1 -82
3 -38 95
2 -36
1 1 85
3 -92 26
1 1 20
1 1 -85
1 1 12
1 1 32
1 1 19
2 19
1 1 95
1 1 43
2 -82
1 1 63
2 20
1 1 17
1 1 -9
1 1 89
2 -9
1 1 -31
1 1 60
2 95
1 1 46
1 1 10
1 1 74
1 1 -58
1 1 52
1 1 35
2 46
1 1 97
2 60
1 1 -74
2 -31
2 -31
1 1 -23
1 1 -90
1 1 -63
2 35
1 1 -44
1 1 44
1 1 4
1 1 -76
1 1 67
1 1 62
1 1 82
2 -76
2 82
1 1 -98
1 1 45
2 82
2 -98
1 1 -87
1 1 73
2 73
2 44
2 4
2 4
2 -87
2 -76
1 1 -35
1 1 -27
1 1 46
1 1 -48
1 1 -23
1 1 60
2 -87
2 -48
2 73
2 -98
2 45
1 1 -12
1 1 -77
2 -48
1 1 -77
1 1 72
1 1 61
1 1 80
1 1 -11
2 -12
2 -11
1 1 25
1 1 -81
1 1 -45
2 -77
2 -11
1 1 15
1 1 -61
1 1 -86
1 1 93
1 1 -4
1 1 27
1 1 51
1 1 54
1 1 -58
2 51
1 1 62
1 1 38
1 1 -75
1 1 -82
3 -60 9
1 1 -72
1 1 41
2 41
1 1 29
1 1 -36
2 -36
1 1 60
1 1 0
1 1 -77
1 1 42
1 1 64
1 1 41
1 1 -75
1 1 94
1 1 82
2 64
2 60
1 1 29
1 1 -85
1 1 -52
2 94
1 1 -13
1 1 -95
1 1 -2
1 1 75
1 1 -15
1 1 -64
1 1 -8
1 1 46
1 1 15
1 1 52
1 1 -87
1 1 -17
2 46
1 1 -77
2 -15
1 1 -10
1 1 -44
1 1 57
1 1 62
1 1 -87
1 1 77
1 1 -62
1 1 -35
1 1 -91
1 1 82
1 1 -42
2 -44
1 1 -96
1 1 -87
1 1 -87
1 1 80
1 1 -79
2 -91
1 1 0
1 1 44
1 1 -27
1 1 45
2 80
1 1 -62
1 1 -42
1 1 -73
2 -27
3 -2 64
1 1 -81
1 1 72
2 -73
2 -62
1 1 75
1 1 89
2 44
1 1 -46
2 -46
2 89
2 45
2 -46
1 1 -9
3 -55 20
2 -73
1 1 -28
1 1 15
1 1 -21
1 1 43
1 1 58
2 58
1 1 27
2 -9
1 1 -8
3 -80 -9
2 27
1 1 -44
1 1 -64
2 58
2 -9
2 58
2 -21
1 1 72
1 1 -7
1 1 12
1 1 -87
2 -7
1 1 -93
1 1 -20
2 -64
1 1 -45
1 1 -79
1 1 -23
2 -20
1 1 88
1 1 75
2 -93
3 16 75
2 -87
2 75
1 1 76
2 88
1 1 66
1 1 -76
1 1 -30
2 -45
1 1 29
2 -45
3 -40 28
1 1 -85
1 1 -61
1 1 38
1 1 -78
1 1 -72
1 1 17
1 1 -31
2 -85
2 -72
2 -61
1 1 81
1 1 66
1 1 48
1 1 -60
1 1 -52
1 1 27
2 -72
1 1 92
1 1 55
1 1 69
1 1 92
2 -60
1 1 -79
2 66
1 1 -95
1 1 -93
2 -52
1 1 -73
1 1 58
1 1 -19
1 1 -18
1 1 -6
1 1 0
2 0
2 -95
3 -77 -39
1 1 22
1 1 42
2 22
1 1 -17
2 -18
1 1 -47
1 1 -97
1 1 -81
1 1 2
1 1 -72
1 1 -54
1 1 -53
3 44 92
2 2
1 1 -37
1 1 -93
2 -93
1 1 -32
1 1 -93
1 1 -23
1 1 -56
1 1 -48
1 1 52
1 1 -39
2 -32
2 -48
1 1 -7
2 -7
1 1 80
2 52
1 1 -71
1 1 -48
3 -27 83
1 1 33
1 1 76
1 1 69
2 -48
2 -71
1 1 97
1 1 -6
2 97
1 1 89
1 1 17
1 1 -61
2 89
1 1 91
2 -6
3 30 97
1 1 57
3 -88 12
3 -99 36
3 -79 -65
1 1 31
2 91
1 1 86
1 1 -59
1 1 -88
2 17
1 1 40
2 -59
1 1 68
1 1 33
3 -38 98
2 68
1 1 -19
2 33
1 1 77
2 33
1 1 40
2 40
2 -88
1 1 -46
3 -23 2
3 -56 -29
2 33
2 33
1 1 68
2 68
3 -14 -10
1 1 7
2 68
1 1 81
2 33
1 1 -40
2 68
1 1 45
1 1 52
1 1 42
1 1 61
3 8 65
1 1 82
2 81
1 1 69
1 1 -44
2 42
1 1 87
1 1 -79
2 45
1 1 86
1 1 90
1 1 1
1 1 23
1 1 43
3 -25 55
2 69
2 1
1 1 15
2 -79
2 1
1 1 -18
1 1 -32
1 1 -37
3 -61 13
1 1 17
1 1 -10
1 1 59
3 -20 25
3 -52 -39
1 1 63
1 1 -14
2 63
1 1 -53
1 1 20
2 -32
1 1 -14
1 1 48
1 1 -19
2 -53
2 20
2 20
1 1 14
1 1 75
1 1 77
1 1 27
1 1 32
2 77
1 1 51
1 1 29
1 1 86
1 1 8
1 1 13
1 1 58
1 1 -85
2 86
1 1 35
1 1 -35
2 29
1 1 3
1 1 52
3 -64 -26
1 1 -27
1 1 -59
1 1 -84
2 52
1 1 17
1 1 61
2 52
1 1 69
1 1 81
1 1 11
1 1 28
1 1 91
1 1 -90
2 -90
2 -90
2 -84
2 11
1 1 -41
2 28
2 -90
2 -84
3 -37 92
1 1 -97
1 1 -58
2 81
3 -19 72
1 1 -92
1 1 6
1 1 -12
1 1 -89
1 1 -64
1 1 -74
1 1 21
1 1 -34
2 -74
1 1 24
1 1 72
1 1 39
2 21
2 24
1 1 -56
1 1 90
1 1 19
1 1 64
1 1 98
1 1 -14
2 64
1 1 -81
1 1 29
3 -37 -32
2 72
1 1 -57
1 1 54
1 1 96
1 1 58
1 1 95
1 1 -9
1 1 -59
2 29
1 1 23
1 1 20
2 20
2 96
1 1 61
1 1 -23
2 54
1 1 -48
1 1 -96
1 1 -66
2 23
2 -59
2 61
2 -9
1 1 -92
1 1 -58
1 1 -20
1 1 -47
1 1 47
1 1 -12
1 1 86
2 -66
1 1 -73
1 1 -21
1 1 28
2 47
1 1 -98
2 47
2 28
1 1 49
1 1 93
2 28
2 93
2 28
2 -47
2 47
1 1 41
1 1 -1
1 1 -14
2 -14
2 -73
1 1 77
2 41
1 1 39
1 1 -31
1 1 -57
2 -98
1 1 35
1 1 37
1 1 98
1 1 -48
2 37
1 1 -18
1 1 -58
2 -58
1 1 -23
1 1 -72
2 37
1 1 -24
2 -24
2 -18
1 1 17
1 1 -66
2 17
1 1 -40
2 -48
2 -23
2 -66
1 1 -55
1 1 -76
2 -40
2 -23
2 -24
1 1 -93
1 1 47
2 47
3 -64 57
1 1 -2
1 1 -80
1 1 27
1 1 -85
1 1 36
2 -2
1 1 -33
1 1 97
1 1 26
2 -80
1 1 52
2 -33
1 1 11
1 1 -19
2 52
1 1 -64
2 -85
1 1 40
1 1 -11
1 1 -56
1 1 -47
2 -47
2 -56
2 97
1 1 97
1 1 -92
2 97
1 1 -32
2 -64
1 1 -97
1 1 83
1 1 88
1 1 24
1 1 55
3 38 39
1 1 5
1 1 66
2 5
1 1 85
2 -32
3 -25 -21
1 1 -48
1 1 -30
2 88
2 83
1 1 -61
1 1 -54
1 1 70
2 66
1 1 -13
1 1 26
1 1 24
1 1 -61
1 1 -30
1 1 30
1 1 -29
2 30
1 1 76
1 1 -43
2 24
2 -13
2 26
1 1 38
2 24
1 1 -86
1 1 -58
1 1 -51
1 1 -5
1 1 -89
3 -24 -2
2 30
2 -29
3 -2 50
1 1 67
1 1 68
1 1 -34
1 1 11
1 1 32
1 1 -84
1 1 -41
1 1 -82
2 -84
1 1 81
1 1 -86
2 67
2 32
2 -84
1 1 -88
3 -56 -52
1 1 96
1 1 -29
2 81
1 1 46
2 96
1 1 -1
1 1 -93
3 12 94
1 1 -15
2 46
1 1 62
1 1 23
1 1 -53
1 1 34
2 -1
1 1 79
2 79
1 1 37
2 -1
1 1 69
1 1 90
1 1 -29
1 1 21
2 90
1 1 -28
1 1 12
3 8 52
2 79
3 7 99
1 1 -44
2 -29
1 1 80
1 1 84
2 12
1 1 -88
1 1 -49
1 1 -76
2 80
1 1 62
1 1 -55
1 1 86
1 1 82
2 -44
1 1 7
3 -42 69
1 1 44
2 84
3 -99 -2
1 1 37
1 1 -64
1 1 90
1 1 83
1 1 -78
1 1 -71
2 90
1 1 -8
1 1 -59
1 1 95
1 1 -95
1 1 -68
2 90
1 1 -31
2 -31
1 1 19
2 95
1 1 -64
1 1 -2
2 -68
1 1 -62
1 1 89
2 -62
3 -1 11
2 89
3 -85 -84
1 1 33
1 1 -41
3 -68 77
1 1 -28
2 -2
1 1 0
1 1 -59
1 1 72
1 1 8
1 1 -11
1 1 -9
1 1 2
1 1 93
1 1 2
1 1 -24
1 1 -98
1 1 -25
2 -98
1 1 -11
2 -24
1 1 -4
1 1 -51
1 1 14
1 1 30
2 2
1 1 0
1 1 -79
1 1 -65
1 1 -52
1 1 -51
2 30
2 0
1 1 -27
2 14
1 1 97
2 -27
3 -77 -2
1 1 6
3 -98 41
1 1 -38
2 -52
2 -79
1 1 86
3 -33 80
1 1 34
2 -38
1 1 -95
1 1 -62
2 -62
1 1 -35
2 6
2 -62
1 1 84
1 1 -97
1 1 -4
1 1 -40
1 1 12
1 1 32
1 1 -7
1 1 -23
1 1 -25
1 1 67
1 1 -46
1 1 87
1 1 95
1 1 71
1 1 5
2 67
1 1 11
2 -7
2 5
2 -46
2 87
2 -25
2 11
1 1 -24
2 -25
1 1 27
1 1 -80
2 27
2 5
1 1 21
1 1 14
1 1 72
1 1 77
1 1 61
1 1 -81
1 1 -25
1 1 -83
2 -80
1 1 -79
1 1 -57
2 -79
1 1 92
2 14
1 1 -19
2 77
1 1 -17
1 1 -35
2 -81
1 1 63
3 -91 47
2 -17
2 63
1 1 73
1 1 85
2 -19
2 -19
1 1 -41
1 1 -84
2 85
2 85
1 1 -93
1 1 -44
2 -17
1 1 25
1 1 -56
1 1 -48
1 1 -14
1 1 -17
1 1 30
1 1 49
1 1 43
2 -44
1 1 -49
1 1 -79
1 1 8
2 -17
1 1 65
1 1 -29
1 1 50
1 1 74
1 1 -99
2 -99
1 1 71
2 43
1 1 -86
2 50
1 1 -32
2 -32
2 8
1 1 -71
1 1 11
1 1 49
1 1 -1
1 1 -4
1 1 -46
2 -99
1 1 -98
1 1 40
2 -32
1 1 98
2 49
1 1 -59
1 1 37
1 1 64
1 1 4
2 -98
1 1 43
2 -4
1 1 61
1 1 -40
1 1 68
2 -40
1 1 71
1 1 88
1 1 -45
1 1 -98
1 1 99
2 -45
2 71
2 -98
1 1 83
1 1 11
1 1 77
1 1 64
2 68
2 -98
1 1 -2
1 1 -91
1 1 -43
2 -91
2 -45
2 -2
1 1 6
1 1 55
1 1 -96
1 1 15
1 1 -76
2 64
2 55
3 26 37
2 -96
2 -43
1 1 -65
2 -2
1 1 25
2 -2
1 1 -41
1 1 93
1 1 -35
1 1 67
1 1 -82
1 1 81
2 25
2 15
1 1 64
2 67
2 -35
1 1 -59
1 1 -31
2 -35
2 93
2 81
1 1 -35
1 1 27
1 1 -57
1 1 -84
1 1 -68
1 1 32
2 27
1 1 -39
3 -22 9
1 1 -79
2 -57
1 1 -4
1 1 -8
3 -42 59
1 1 82
1 1 79
1 1 8
2 8
2 -84
1 1 -95
1 1 14
1 1 48
2 -8
1 1 -12
1 1 -71
1 1 -9
1 1 -48
1 1 -14
1 1 -28
2 -28
2 -12
1 1 33
1 1 64
1 1 72
2 -9
3 -94 -22
1 1 -72
1 1 1
1 1 86
1 1 -75
1 1 10
2 -28
2 72
2 33
1 1 -38
1 1 -41
1 1 -39
2 64
1 1 -37
2 -41
1 1 -1
2 10
1 1 48
1 1 36
1 1 84
1 1 -65
2 36
2 -65
1 1 -44
2 -41
2 -65
2 -65
1 1 -32
1 1 -53
1 1 -3
2 -1
1 1 -37
1 1 9
1 1 -61
2 -32
1 1 -41
2 -32
1 1 -52
1 1 -76
1 1 54
2 -61
1 1 73
2 -76
2 9
1 1 57
1 1 -3
1 1 67
1 1 -90
1 1 -93
1 1 -74
2 73
1 1 -94
2 -94
1 1 -41
1 1 43
1 1 29
1 1 -38
1 1 30
1 1 22
1 1 -22
2 30
2 22
3 -16 11
2 43
1 1 94
1 1 60
1 1 -75
2 -41
2 -38
2 60
1 1 8
1 1 80
1 1 -65
2 8
2 60
2 80
1 1 24
2 -75
2 -65
2 60
1 1 12
2 80
1 1 -4
1 1 -53
2 -4
2 80
1 1 -77
2 12
1 1 -53
2 24
2 12
1 1 -95
1 1 95
1 1 -43
2 -95
2 -4
1 1 97
1 1 92
2 92
1 1 65
1 1 -74
2 -74
1 1 -61
1 1 -59
1 1 51
1 1 -46
1 1 -35
1 1 11
3 -90 -63
3 -63 -59
1 1 -63
1 1 83
2 11
2 51
1 1 8
1 1 -91
1 1 58
2 51
2 58
2 58
1 1 50
1 1 -23
1 1 2
2 -63
1 1 77
1 1 -85
1 1 -55
1 1 -63
1 1 -2
1 1 -71
1 1 56
1 1 4
1 1 -95
1 1 42
1 1 -58
1 1 48
1 1 -73
3 -37 60
1 1 65
2 -58
1 1 -17
1 1 -28
1 1 27
3 -89 9
1 1 41
2 -17
1 1 -74
1 1 69
2 -73
2 -58
2 65
1 1 48
2 -28
1 1 15
2 -73
2 65
2 65
2 15
1 1 -35
2 69
2 15
1 1 -44
2 -17
1 1 56
1 1 45
1 1 -88
1 1 32
2 56
1 1 33
1 1 33
2 -44
3 16 31
2 15
1 1 -35
2 45
1 1 -47
2 56
2 -35
1 1 89
1 1 -22
1 1 -26
1 1 42
3 -98 72
1 1 38
1 1 54
1 1 -60
1 1 -46
1 1 -8
1 1 -35
1 1 -75
1 1 -35
1 1 41
1 1 -62
1 1 3
2 41
1 1 18
1 1 78
1 1 -28
1 1 -11
1 1 -75
1 1 -40
1 1 -5
2 -5
1 1 -44
2 -44
1 1 48
1 1 -28
3 -2 60
1 1 61
1 1 51
1 1 -9
3 12 23
2 61
2 48
2 51
1 1 27
1 1 -59
1 1 28
1 1 -96
1 1 38
1 1 71
1 1 67
2 27
1 1 -6
1 1 -59
2 71
1 1 31
1 1 -90
1 1 29
2 38
1 1 36
1 1 62
1 1 -95
3 -75 -15
2 -6
2 29
1 1 34
1 1 42
1 1 -15
1 1 -69
1 1 -14
1 1 -45
1 1 17
2 -15
1 1 -48
1 1 30
2 -14
1 1 -44
1 1 -34
2 -45
3 -69 89
1 1 -64
1 1 -96
1 1 9
1 1 27
1 1 -2
1 1 23
3 -45 61
1 1 63
1 1 68
2 68
1 1 8
1 1 -42
2 -2
1 1 82
2 -96
1 1 -87
1 1 -51
1 1 50
2 8
1 1 63
1 1 -91
2 8
3 -68 -63
1 1 21
1 1 -9
1 1 -49
1 1 -25
1 1 -9
1 1 78
2 -9
1 1 44
2 44
1 1 73
1 1 22
2 -9
1 1 -10
2 44
1 1 96
1 1 66
2 -10
2 96
1 1 -81
1 1 -72
2 78
1 1 63
1 1 -9
3 -91 -87
2 73
1 1 20
1 1 95
1 1 79
1 1 -73
1 1 -17
1 1 11
1 1 -36
2 -36
1 1 54
1 1 -83
1 1 -98
1 1 -13
2 -98
1 1 -26
1 1 -67
2 11
2 54
1 1 85
2 -13
1 1 -57
1 1 -31
1 1 54
1 1 3
1 1 -36
1 1 -57
1 1 -86
2 85
1 1 21
1 1 -9
1 1 15
1 1 95
1 1 73
3 -8 26
2 -9
1 1 -95
1 1 -30
1 1 4
2 4
1 1 -34
1 1 92
1 1 -22
1 1 -51
1 1 47
1 1 79
2 -95
2 79
1 1 59
1 1 -74
1 1 -15
3 -63 -2
1 1 -26
1 1 -67
2 79
1 1 27
1 1 -12
1 1 89
1 1 -12
1 1 4
1 1 -26
3 6 28
1 1 -57
2 89
3 2 4
1 1 85
1 1 94
2 -67
1 1 56
1 1 20
1 1 81
1 1 -87
1 1 -38
1 1 43
1 1 -49
1 1 2
1 1 -32
2 20
1 1 -70
1 1 70
1 1 54
2 -70
1 1 50
1 1 39
2 -70
1 1 69
1 1 74
1 1 27
1 1 -27
2 54
1 1 63
1 1 -78
2 69
1 1 -13
3 29 94
1 1 -24
1 1 -53
2 63
1 1 -12
1 1 37
2 -27
1 1 -29
1 1 -90
3 -75 -13
3 -99 33
1 1 22
2 -12
1 1 -78
1 1 -24
1 1 -27
2 -24
1 1 35
1 1 -69
3 -43 90
3 -73 91
1 1 -80
1 1 40
1 1 16
1 1 -43
1 1 12
2 -27
1 1 -15
1 1 52
1 1 84
2 12
1 1 43
1 1 52
1 1 -73
2 -43
1 1 22
1 1 7
2 52
1 1 -29
1 1 29
1 1 -75
1 1 28
1 1 28
1 1 -1
1 1 -83
1 1 -71
1 1 84
1 1 89
1 1 -61
1 1 83
1 1 -95
1 1 -97
1 1 6
2 -95
1 1 -78
1 1 49
1 1 -36
1 1 71
1 1 -67
1 1 52
1 1 64
1 1 35
1 1 9
2 6
2 -78
2 49
1 1 -15
1 1 74
1 1 62
2 52
1 1 32
1 1 67
2 52
1 1 -17
1 1 -83
1 1 66
2 66
1 1 11
2 -17
1 1 15
2 67
2 66
1 1 44
3 40 81
2 -83
1 1 -21
1 1 -42
1 1 -75
1 1 91
1 1 -38
1 1 -63
1 1 34
1 1 -83
2 91
1 1 -83
2 44
1 1 -48
2 34
3 15 68
2 34
1 1 -59
1 1 99
1 1 -3
1 1 -27
1 1 -90
1 1 69
1 1 -54
1 1 83
1 1 36
2 -3
2 -3
2 -90
1 1 89
1 1 53
1 1 99
1 1 -86
1 1 12
1 1 -60
1 1 15
1 1 49
2 53
1 1 -1
2 36
1 1 12
1 1 -88
2 12
2 12
1 1 -79
1 1 -68
2 -79
2 49
2 49
1 1 -68
1 1 -17
3 -70 -16
1 1 47
2 47
1 1 -14
1 1 52
1 1 -23
2 47
1 1 -3
1 1 4
2 -79
1 1 63
1 1 9
1 1 31
1 1 12
2 31
1 1 1
2 31
1 1 -34
2 31
1 1 37
1 1 -22
2 -34
1 1 81
1 1 -11
1 1 12
1 1 -49
1 1 39
2 37
1 1 48
2 81
1 1 -86
1 1 89
3 -93 -30
1 1 -13
1 1 61
2 -13
1 1 -60
2 -11
3 45 47
1 1 -20
1 1 -69
1 1 19
2 -13
2 39
1 1 82
1 1 -84
2 89
1 1 7
1 1 11
1 1 -97
1 1 -61
1 1 52
2 11
1 1 73
1 1 13
1 1 -32
3 -62 47
1 1 72
1 1 -64
1 1 44
3 -17 89
3 -61 48
1 1 6
1 1 -78
1 1 -93
1 1 21
2 -64
2 -32
2 21
2 73
1 1 -78
1 1 -17
2 -17
1 1 63
1 1 32
2 -17
1 1 79
1 1 42
1 1 -63
1 1 -56
2 21
1 1 80
1 1 -61
1 1 -90
1 1 -65
1 1 29
1 1 85
2 -90
1 1 31
1 1 -92
1 1 -70
1 1 -59
2 31
1 1 -35
1 1 99
2 -92
1 1 -47
1 1 -21
1 1 -73
1 1 -84
1 1 20
1 1 -34
1 1 35
1 1 -28
1 1 -71
1 1 56
1 1 29
1 1 96
1 1 81
1 1 1
2 -34
1 1 -25
2 1
1 1 -71
2 35
1 1 -62
1 1 -86
2 1
1 1 -74
2 29
1 1 17
2 1
1 1 -79
1 1 34
1 1 -95
1 1 48
1 1 -9
1 1 -66
2 -66
1 1 39
1 1 46
1 1 -48
2 -66
1 1 99
1 1 85
1 1 -4
1 1 -63
3 51 68
1 1 -54
1 1 26
1 1 -15
1 1 26
1 1 -11
2 -63
1 1 -97
2 85
2 85
1 1 -63
1 1 -27
1 1 -89
1 1 -92
1 1 1
1 1 61
1 1 -64
1 1 -59
1 1 -74
1 1 -25
2 61
2 -64
2 -92
1 1 -64
3 -89 16
3 75 92
1 1 63
1 1 12
1 1 36
3 -45 81
1 1 -79
2 -64
1 1 11
2 11
1 1 -46
3 -10 55
2 36
1 1 -21
1 1 -22
1 1 17
1 1 38
1 1 -12
1 1 -8
3 36 69
1 1 -10
1 1 -6
2 -21
2 -10
2 11
2 -22
1 1 87
1 1 -22
2 -12
1 1 -12
1 1 44
1 1 -65
1 1 -39
1 1 56
2 -22
1 1 -13
1 1 -53
2 44
1 1 -29
1 1 60
1 1 -90
1 1 -48
1 1 93
1 1 91
1 1 -9
1 1 3
2 -29
2 -13
2 -29
1 1 -4
1 1 -98
2 -4
2 -29
1 1 -59
1 1 63
1 1 -64
2 63
2 -64
1 1 -84
2 -98
2 63
2 -64
1 1 8
2 -84
2 63
1 1 29
1 1 29
2 -98
1 1 32
1 1 -78
1 1 -14
1 1 -7
3 -43 27
1 1 -83
2 -83
1 1 -85
1 1 -42
1 1 0
2 29
1 1 0
1 1 -52
1 1 47
1 1 -50
2 -85
1 1 -81
2 -85
1 1 -21
2 -21
2 -42
1 1 -77
1 1 -34
1 1 35
2 -52
2 -34
1 1 -25
1 1 50
1 1 -38
1 1 -36
2 35
2 50
1 1 77
2 -77
2 -36
1 1 32
2 77
2 -21
1 1 -88
1 1 89
2 -38
1 1 -95
1 1 -50
2 -95
1 1 -31
2 50
1 1 -82
2 -36
1 1 6
1 1 -52
1 1 66
1 1 -77
1 1 -50
1 1 25
1 1 68
3 -91 32
2 -50
1 1 44
2 44
1 1 29
1 1 55
1 1 -78
1 1 70
1 1 1
2 -77
2 -78
1 1 -86
2 68
1 1 -76
1 1 92
2 92
1 1 34
1 1 -98
2 70
2 -78
1 1 -75
2 1
1 1 53
1 1 54
1 1 -27
1 1 2
1 1 -27
2 -27
1 1 -42
1 1 47
1 1 47
1 1 15
1 1 55
3 -62 62
1 1 88
2 -42
2 -27
1 1 -38
2 -38
1 1 47
1 1 -28
2 -28
1 1 76
1 1 -52
1 1 -8
1 1 -83
1 1 -71
1 1 86
1 1 50
1 1 34
1 1 48
1 1 -59
2 34
1 1 -28
1 1 -31
2 48
3 16 45
2 -83
1 1 34
1 1 -49
1 1 91
1 1 -67
3 13 47
1 1 -86
1 1 58
2 -28
1 1 -17
1 1 2
1 1 -63
1 1 72
2 91
1 1 -81
1 1 7
3 -87 53
2 58
3 -98 46
2 91
1 1 -94
2 -94
1 1 -54
2 -63
1 1 -30
1 1 59
2 -94
1 1 37
2 -63
1 1 -11
1 1 -63
1 1 24
1 1 -67
2 59
1 1 -97
2 -63
3 -83 94
1 1 -97
2 -30
2 -67
1 1 -37
1 1 -60
1 1 -19
1 1 18
1 1 32
1 1 -76
1 1 86
1 1 88
1 1 39
1 1 37
2 -19
2 39
2 18
2 86
2 37
1 1 -78
2 37
1 1 85
1 1 -63
1 1 -33
2 -63
2 85
1 1 37
1 1 32
1 1 39
1 1 9
1 1 -36
2 -63
1 1 -95
1 1 6
1 1 72
1 1 5
3 -73 -72
1 1 38
1 1 -32
1 1 84
1 1 70
1 1 -23
2 38
1 1 1
2 6
1 1 97
1 1 -57
2 1
1 1 65
1 1 -71
1 1 94
1 1 -22
1 1 -49
2 97
1 1 -64
2 -49
1 1 -8
1 1 21
1 1 -91
1 1 -61
1 1 -74
1 1 88
2 -49
2 -91
1 1 14
2 14
1 1 22
1 1 70
1 1 -60
1 1 -76
1 1 -96
3 -3 79
1 1 -14
2 -96
3 -24 21
2 -96
1 1 -60
3 -69 27
1 1 18
2 88
1 1 -9
2 -9
1 1 -28
2 22
1 1 57
1 1 -77
2 -9
3 -15 -15
1 1 -81
2 57
1 1 17
1 1 -33
1 1 -40
1 1 -4
1 1 45
1 1 -32
1 1 89
2 57
2 -77
1 1 -78
1 1 16
1 1 94
1 1 -53
1 1 88
2 89
1 1 51
2 -53
2 -32
2 -53
1 1 56
1 1 98
2 -53
1 1 70
1 1 -81
1 1 49
1 1 58
1 1 89
2 70
1 1 31
1 1 -8
1 1 -8
2 58
2 49
1 1 10
2 98
2 98
1 1 -94
1 1 57
2 -81
1 1 82
1 1 42
1 1 -4
3 -66 5
2 10
2 -8
2 57
1 1 94
2 31
1 1 -49
2 82
3 -88 6
2 -8
1 1 -49
1 1 -17
1 1 61
2 42
2 -49
2 -94
3 -24 64
2 82
1 1 86
1 1 60
1 1 -17
1 1 -66
1 1 -2
3 -20 34
2 -17
1 1 -19
1 1 -24
2 -19
1 1 -63
1 1 -73
1 1 71
1 1 -59
1 1 -38
1 1 -70
1 1 -21
2 71
1 1 -69
1 1 45
2 -59
1 1 43
2 -38
2 -59
1 1 -77
2 -70
1 1 8
1 1 28
1 1 66
1 1 -74
2 -70
1 1 -37
1 1 -15
1 1 -63
2 -15
2 -63
1 1 -25
2 -25
1 1 -58
1 1 -79
1 1 -74
1 1 78
1 1 -96
1 1 -53
2 -79
1 1 44
1 1 59
1 1 -57
1 1 -67
2 78
1 1 27
2 -79
2 -57
1 1 45
1 1 27
1 1 41
1 1 25
1 1 -28
2 27
2 -57
1 1 -67
2 -67
1 1 -70
1 1 -8
2 41
1 1 -85
1 1 70
2 -85
1 1 -76
1 1 99
2 -28
2 -70
1 1 30
1 1 9
1 1 -41
1 1 -26
2 -41
2 30
1 1 26
1 1 -86
2 99
1 1 8
1 1 -51
1 1 75
2 30
2 75
1 1 36
1 1 85
1 1 -79
2 85
1 1 -82
1 1 87
1 1 42
1 1 63
3 -7 32
1 1 12
1 1 88
1 1 -64
1 1 -54
1 1 33
2 -79
1 1 -6
1 1 -80
1 1 -79
1 1 53
1 1 13
1 1 -95
1 1 52
2 33
1 1 -43
2 53
1 1 -40
1 1 -68
2 53
1 1 6
1 1 -59
3 -79 -33
2 52
2 -43
1 1 -82
1 1 -79
1 1 -51
1 1 -30
1 1 -45
1 1 -70
1 1 3
1 1 30
1 1 -8
1 1 -77
2 -77
1 1 26
1 1 9
2 26
2 -8
2 -30
1 1 -6
1 1 -6
1 1 28
1 1 47
1 1 -69
1 1 57
2 -6
1 1 -89
1 1 96
1 1 -5
2 -69
3 -85 27
1 1 -93
1 1 -68
1 1 72
1 1 -89
2 -93
1 1 -48
1 1 91
1 1 71
1 1 77
1 1 61
2 -48
1 1 61
2 -48
1 1 -75
1 1 84
1 1 -57
1 1 33
1 1 -63
3 61 64
1 1 -95
1 1 63
1 1 68
1 1 11
2 -95
1 1 -90
2 33
1 1 15
1 1 -36
2 -36
2 63
2 -36
1 1 -85
1 1 -45
1 1 49
1 1 -9
1 1 -89
2 -45
1 1 -46
1 1 29
1 1 -48
1 1 50
2 50
2 29
1 1 -17
2 -46
2 -17
1 1 -19
2 50
1 1 -98
1 1 -41
2 29
1 1 67
2 -89
1 1 -69
3 30 46
2 29
1 1 69
1 1 -70
1 1 29
1 1 67
1 1 -37
2 -70
3 13 42
2 -41
2 -98
2 -19
2 69
2 -98
1 1 78
1 1 3
1 1 30
1 1 2
1 1 -61
1 1 -83
1 1 74
2 2
2 74
2 67
1 1 -5
1 1 85
1 1 15
1 1 23
1 1 -36
2 -83
1 1 -76
2 -76
1 1 -33
2 -33
2 23
1 1 1
3 -92 -14
1 1 16
2 74
1 1 -73
2 -73
2 85
1 1 49
2 85
3 -75 61
2 15
2 49
2 -36
1 1 -38
2 -33
2 -33
3 -21 34
2 49
1 1 -61
2 -38
2 -38
2 -76
1 1 30
2 -61
1 1 -6
2 30
2 -33
1 1 4
1 1 -4
1 1 45
1 1 30
2 -73
1 1 -80
1 1 9
1 1 13
1 1 -34
1 1 -87
2 -6
1 1 85
1 1 93
2 -87
2 93
1 1 11
2 93
2 30
1 1 27
3 22 53
1 1 73
3 -75 27
1 1 2
1 1 -73
1 1 83
1 1 79
1 1 -75
1 1 13
2 93
2 2
2 11
1 1 -55
1 1 -24
1 1 -35
1 1 -33
1 1 -66
1 1 37
3 3 36
1 1 55
1 1 90
1 1 -95
1 1 76
3 -75 48
1 1 -89
1 1 34
1 1 -32
1 1 97
1 1 -14
1 1 0
1 1 -91
1 1 10
1 1 -51
3 35 50
3 -43 12
1 1 99
1 1 82
1 1 -47
1 1 -41
2 10
3 -7 65
1 1 23
1 1 -52
1 1 -70
2 -52
2 -41
2 10
1 1 -97
1 1 -90
2 -41
1 1 19
2 19
1 1 9
1 1 -17
2 -52
1 1 60
2 19
1 1 -68
1 1 14
1 1 93
2 14
1 1 53
2 53
2 93
3 25 89
1 1 74
2 60
1 1 16
1 1 26
2 53
2 16
1 1 -53
2 60
2 -17
1 1 -85
1 1 31
2 93
3 -64 -53
1 1 77
1 1 -71
1 1 58
1 1 67
1 1 56
1 1 -36
1 1 -83
1 1 79
1 1 30
1 1 3
2 79
1 1 8
2 3
1 1 6
1 1 56
1 1 -60
3 -99 0
1 1 -76
1 1 43
1 1 -86
1 1 -93
1 1 26
1 1 -75
1 1 -44
2 -60
1 1 1
1 1 -37
2 -86
2 1
2 -75
2 -93
2 26
1 1 38
1 1 49
1 1 19
1 1 -84
1 1 52
1 1 24
2 -44
2 -44
2 1
2 -84
1 1 12
1 1 -98
1 1 -3
2 -37
2 19
1 1 -20
2 24
1 1 23
1 1 -90
1 1 2
1 1 -95
1 1 21
1 1 -49
1 1 76
2 -95
1 1 -16
1 1 -42
1 1 -98
2 -90
1 1 -7
2 -90
1 1 -34
1 1 16
1 1 87
1 1 4
1 1 -59
1 1 34
1 1 -59
1 1 49
1 1 8
2 -7
1 1 -14
1 1 24
1 1 99
2 -14
2 -59
1 1 31
2 99
2 -14
2 99
1 1 -77
2 -59
1 1 -6
2 -59
1 1 41
2 -6
2 8
1 1 21
2 99
2 41
1 1 36
1 1 -66
1 1 56
3 -22 30
1 1 47
1 1 -63
1 1 -9
1 1 11
1 1 1
1 1 -9
1 1 -36
1 1 90
2 90
2 -9
1 1 83
1 1 -92
1 1 81
3 -14 14
1 1 66
2 90
2 1
1 1 16
1 1 76
1 1 59
1 1 87
1 1 33
1 1 29
1 1 -27
2 87
1 1 5
2 81
2 81
1 1 -72
2 16
3 -54 58
1 1 -86
2 76
1 1 -6
1 1 50
2 87
1 1 64
1 1 -31
1 1 36
1 1 99
1 1 76
1 1 33
1 1 -1
2 50
1 1 10
1 1 -64
1 1 69
2 -64
1 1 59
1 1 -54
2 59
2 99
1 1 24
2 10
2 99
1 1 -49
2 59
3 -44 3
2 33
1 1 -89
2 -54
1 1 -33
1 1 -18
2 -54
1 1 -28
1 1 23
1 1 99
1 1 65
1 1 57
1 1 -80
2 -89
2 23
1 1 -78
2 -33
2 -33
2 23
1 1 -12
2 23
2 57
2 65
1 1 -45
2 -12
3 -79 67
1 1 -97
2 -80
1 1 -42
1 1 -65
2 -45
1 1 -59
1 1 3
2 -45
1 1 24
1 1 -79
2 -59
1 1 81
2 -97
1 1 -20
1 1 -1
2 3
1 1 9
1 1 71
2 -1
2 9
1 1 25
1 1 -24
1 1 23
3 -48 7
1 1 75
1 1 94
1 1 -98
1 1 65
2 65
1 1 55
3 -39 31
1 1 3
2 75
2 23
2 25
1 1 -37
2 75
2 3
1 1 -92
1 1 49
1 1 -33
2 49
1 1 51
1 1 85
1 1 -91
1 1 3
3 -57 47
1 1 -86
1 1 -63
2 -33
1 1 -29
1 1 -36
1 1 73
1 1 -15
1 1 69
1 1 26
1 1 90
2 3
1 1 -85
1 1 -83
1 1 27
1 1 -45
1 1 -54
1 1 16
1 1 -9
1 1 90
1 1 48
1 1 -71
1 1 20
2 -54
1 1 -79
1 1 36
1 1 -16
2 -16
1 1 58
2 20
2 20
2 36
2 36
1 1 88
1 1 -63
1 1 -98
1 1 -72
1 1 -99
1 1 -11
2 -63
1 1 -9
1 1 -74
2 58
2 -63
1 1 -61
1 1 -97
1 1 -99
1 1 -31
2 -98
1 1 10
2 -97
2 -11
1 1 -8
2 -99
1 1 -46
1 1 78
3 -61 -53
2 -97
2 -74
2 -97
1 1 -60
1 1 -1
1 1 -91
1 1 -46
1 1 13
1 1 99
2 -60
1 1 -97
3 -94 -93
2 -8
1 1 -24
1 1 -16
1 1 -51
1 1 19
1 1 -98
1 1 12
1 1 11
2 -97
1 1 -80
1 1 -72
1 1 1
2 11
1 1 -96
1 1 -26
2 -80
1 1 -37
1 1 91
1 1 12
1 1 -70
1 1 30
1 1 -83
1 1 -3
1 1 -30
2 12
2 12
1 1 48
1 1 45
2 -83
1 1 -22
1 1 59
1 1 -52
1 1 -87
1 1 -59
1 1 86
1 1 -94
1 1 -9
1 1 -5
2 -87
1 1 -79
3 25 25
2 -52
2 86
2 -94
1 1 -87
2 -9
2 -52
2 -87
1 1 -96
1 1 -3
2 -79
1 1 -9
1 1 26
3 -32 70
1 1 18
1 1 -94
2 -9
1 1 58
3 -45 -43
3 2 62
1 1 35
1 1 46
1 1 -31
2 -31
1 1 -49
2 -94
1 1 91
1 1 -81
1 1 -4
1 1 74
2 -94
1 1 51
1 1 81
2 74
3 -90 -81
1 1 95
1 1 -89
2 -4
1 1 -87
1 1 97
1 1 -63
1 1 85
2 51
2 97
1 1 -55
1 1 -12
1 1 26
2 -12
1 1 -36
3 16 72
1 1 30
1 1 -49
1 1 30
1 1 31
2 85
1 1 59
1 1 -64
2 31
1 1 -96
1 1 56
1 1 -68
1 1 -28
1 1 38
1 1 -21
1 1 -35
1 1 -95
2 -95
1 1 75
1 1 -21
3 -50 -24
1 1 -44
1 1 -67
1 1 -96
3 23 55
1 1 -34
2 75
2 38
1 1 46
1 1 41
2 41
1 1 -30
1 1 -63
1 1 40
1 1 32
1 1 -79
2 46
1 1 -36
2 41
2 -63
2 -36
1 1 95
1 1 -33
1 1 5
3 -50 22
2 -33
1 1 -24
2 32
2 32
3 -83 -23
2 95
1 1 30
2 -33
1 1 -33
1 1 -78
2 -24
1 1 -96
2 -36
2 -33
2 -36
1 1 34
1 1 55
1 1 -47
1 1 82
2 30
1 1 46
1 1 -10
1 1 -98
1 1 -21
3 -92 -56
2 -96
2 46
2 34
1 1 -98
1 1 88
1 1 98
1 1 37
1 1 73
2 82
1 1 83
1 1 -59
1 1 -23
2 98
2 98
3 4 5
1 1 -22
1 1 59
2 59
2 -98
1 1 37
2 98
2 83
2 -23
2 -59
1 1 -14
2 83
1 1 -12
1 1 -88
1 1 -57
1 1 32
2 -12
1 1 -67
2 -88
1 1 93
1 1 45
1 1 -57
2 -67
2 -14
2 93
1 1 35
1 1 49
1 1 72
1 1 64
1 1 -54
2 93
2 35
2 49
2 93
1 1 97
1 1 -34
2 93
1 1 -29
2 49
2 49
1 1 47
1 1 -97
1 1 9
1 1 81
2 -54
2 81
1 1 -48
2 -34
1 1 -37
1 1 87
2 87
1 1 7
2 -37
1 1 -68
2 7
1 1 64
2 -48
1 1 -7
2 -37
1 1 52
2 -37
1 1 -22
1 1 10
2 -48
1 1 15
1 1 42
1 1 51
3 47 61
1 1 -81
1 1 -23
1 1 56
1 1 -90
1 1 74
1 1 39
2 51
1 1 22
1 1 91
2 22
1 1 60
2 22
1 1 66
2 22
1 1 23
1 1 26
1 1 -1
2 -90
1 1 -39
2 91
1 1 -33
2 66
3 -88 44
2 -33
2 -33
1 1 -62
3 67 83
2 91
1 1 37
1 1 65
1 1 69
1 1 10
1 1 16
2 -1
1 1 83
1 1 -18
1 1 40
1 1 36
3 -69 16
2 -18
1 1 9
2 40
2 69
2 65
1 1 76
2 69
3 5 24
1 1 -26
1 1 -78
2 76
2 40
1 1 43
1 1 -41
1 1 35
2 9
1 1 -44
2 -26
1 1 -88
2 36
1 1 -16
1 1 -20
1 1 -39
1 1 93
2 -41
2 -41
1 1 8
2 -88
1 1 -75
1 1 -22
1 1 52
1 1 14
2 -16
1 1 -32
1 1 -88
1 1 -3
1 1 -46
2 93
1 1 -89
2 8
1 1 18
1 1 -89
1 1 83
3 12 53
1 1 91
2 -32
1 1 -82
1 1 96
1 1 70
1 1 -67
2 70
2 18
1 1 36
2 91
1 1 -12
1 1 -69
2 -12
2 -69
1 1 45
1 1 23
1 1 -43
1 1 -20
1 1 10
1 1 56
1 1 16
2 -20
1 1 66
2 16
2 -20
2 10
1 1 89
1 1 89
1 1 -87
1 1 73
2 89
2 16
1 1 0
2 66
1 1 -36
2 -87
2 73
1 1 79
3 -63 4
2 56
2 89
1 1 41
1 1 20
1 1 73
1 1 -91
1 1 -7
1 1 -79
1 1 78
1 1 -46
1 1 38
1 1 31
2 -79
2 -79
1 1 45
1 1 85
1 1 24
2 24
1 1 -76
1 1 15
1 1 48
1 1 83
1 1 98
2 85
3 -11 35
2 38
2 83
1 1 -16
1 1 -32
1 1 -51
2 -32
1 1 -80
2 -16
2 15
1 1 -64
1 1 -23
2 48
1 1 22
2 -32
1 1 73
2 -80
1 1 72
1 1 40
2 -32
1 1 -14
3 -92 -47
2 -23
1 1 78
1 1 -26
1 1 -90
3 36 82
1 1 94
2 40
3 -90 10
1 1 -51
1 1 28
1 1 -61
1 1 -24
1 1 75
2 -24
1 1 20
3 23 50
1 1 -17
1 1 16
3 -77 -6
1 1 90
1 1 -82
1 1 13
1 1 -84
1 1 17
2 -24
1 1 -56
2 75
1 1 81
2 81
1 1 -27
1 1 -97
1 1 37
1 1 -26
1 1 84
1 1 60
2 -97
1 1 38
1 1 -36
1 1 -7
2 38
2 -27
2 84
1 1 -27
2 -97
1 1 -80
2 84
1 1 -82
2 38
1 1 69
2 69
1 1 -82
1 1 69
3 -83 79
2 60
2 69
1 1 -37
1 1 93
2 -80
1 1 10
1 1 -87
1 1 94
1 1 4
1 1 -87
1 1 -7
2 93
1 1 11
2 -37
1 1 70
1 1 75
2 10
1 1 58
1 1 -4
1 1 9
1 1 -84
1 1 -26
2 75
1 1 -10
1 1 8
1 1 -97
1 1 25
1 1 73
2 -10
1 1 -20
1 1 19
1 1 -51
1 1 -55
1 1 31
1 1 75
1 1 45
1 1 -19
1 1 11
1 1 50
1 1 60
1 1 89
1 1 -57
2 -55
1 1 53
1 1 76
2 53
1 1 -45
1 1 -35
2 -45
1 1 -50
1 1 -86
3 -35 -24
2 60
1 1 -66
2 89
1 1 -87
1 1 -88
2 -57
1 1 -50
2 -45
1 1 89
1 1 71
2 -86
1 1 -97
1 1 3
2 89
1 1 31
1 1 -59
2 -59
1 1 16
1 1 79
1 1 48
2 -50
2 79
1 1 -87
1 1 4
1 1 98
2 -87
1 1 -41
1 1 73
2 16
1 1 43
1 1 -11
3 -16 -7
1 1 15
1 1 -47
2 4
1 1 -19
1 1 20
1 1 51
1 1 25
1 1 10
1 1 -51
1 1 -30
1 1 -72
1 1 54
2 -19
2 20
2 20
1 1 -44
1 1 86
2 51
2 10
1 1 96
1 1 -14
1 1 19
2 -14
3 -31 -13
2 -51
3 -51 54
1 1 -93
2 96
1 1 -2
1 1 -11
2 -93
2 54
2 -2
2 -72
3 30 76
1 1 -72
2 -2
2 -44
2 -93
1 1 -37
2 19
2 -93
1 1 71
3 -53 -27
1 1 -2
1 1 23
1 1 43
1 1 26
1 1 51
2 -37
3 -95 -8
2 26
1 1 -96
2 26
2 -96
1 1 17
2 17
1 1 44
2 17
1 1 83
1 1 98
2 44
2 98
2 44
1 1 -79
1 1 9
3 66 73
1 1 75
1 1 50
1 1 -9
2 50
2 44
1 1 -62
1 1 82
1 1 -49
2 -79
1 1 74
1 1 -99
1 1 -84
1 1 40
1 1 72
1 1 23
2 72
1 1 -13
1 1 85
1 1 55
2 85
2 72
1 1 53
1 1 -78
2 23
1 1 67
1 1 -34
1 1 35
1 1 81
1 1 -89
1 1 38
1 1 -70
1 1 -7
2 67
2 67
1 1 12
1 1 -62
1 1 95
1 1 97
1 1 15
1 1 -44
1 1 -45
2 12
1 1 -80
1 1 -90
1 1 -59
1 1 -24
1 1 -25
1 1 28
2 15
1 1 87
1 1 70
1 1 20
2 20
1 1 -87
3 -38 -34
2 87
2 -59
1 1 1
1 1 -24
1 1 -68
1 1 82
1 1 87
1 1 -5
1 1 -78
1 1 62
1 1 -79
1 1 97
1 1 68
1 1 -84
1 1 78
1 1 89
1 1 -64
1 1 -3
1 1 65
1 1 34
2 -84
2 89
2 65
1 1 97
1 1 85
1 1 -33
1 1 -32
1 1 -4
1 1 44
2 85
1 1 94
2 65
1 1 -53
1 1 -58
1 1 41
1 1 -49
2 -32
2 -53
1 1 -32
2 -53
1 1 -2
1 1 -33
2 -33
1 1 16
1 1 -21
1 1 34
2 -33
1 1 98
2 98
1 1 -78
2 98
1 1 52
1 1 97
2 98
2 -33
3 32 65
1 1 88
1 1 68
1 1 -14
1 1 69
2 34
1 1 7
2 -78
1 1 86
2 7
3 -12 22
2 -78
2 98
1 1 54
2 52
3 -87 -85
1 1 -43
1 1 -67
1 1 -38
1 1 85
1 1 -83
2 7
1 1 61
1 1 88
1 1 3
1 1 -19
1 1 22
2 88
2 -67
1 1 -10
1 1 -46
2 3
1 1 -31
2 -31
2 85
2 22
1 1 -21
1 1 -93
2 -19
2 -31
1 1 -63
1 1 19
1 1 -73
1 1 -96
2 -96
1 1 72
2 -46
1 1 -24
2 -93
2 -46
1 1 76
2 19
1 1 -28
3 -39 26
1 1 63
2 19
2 -73
1 1 52
2 19
1 1 -61
1 1 -63
1 1 -88
1 1 99
1 1 82
2 82
1 1 14
1 1 98
1 1 -6
1 1 90
2 98
1 1 61
2 -61
1 1 -61
1 1 -90
2 -88
1 1 -58
2 90
1 1 64
1 1 72
2 72
1 1 0
1 1 46
1 1 91
1 1 -4
3 -63 -60
1 1 32
2 32
1 1 12
3 40 66
1 1 2
1 1 91
1 1 54
2 12
1 1 57
2 2
1 1 -47
2 57
3 -87 71
1 1 11
2 54
1 1 15
1 1 72
1 1 -7
1 1 80
1 1 87
1 1 19
1 1 -76
1 1 -16
3 -42 71
1 1 95
1 1 33
2 19
2 -7
2 -76
2 80
1 1 11
2 19
1 1 55
1 1 -62
1 1 -46
2 -62
1 1 80
2 -76
1 1 -89
1 1 -34
2 11
2 80
1 1 -67
2 -67
2 -89
1 1 23
1 1 51
2 23
3 -49 50
3 -88 49
1 1 -18
1 1 95
1 1 -79
1 1 -59
1 1 23
2 -79
1 1 14
1 1 4
2 -59
1 1 -36
1 1 20
2 14
2 14
2 23
1 1 -51
1 1 -4
1 1 44
2 4
1 1 17
3 22 37
1 1 -34
2 17
2 -34
1 1 89
1 1 89
2 -36
2 89
1 1 -55
2 -36
2 44
1 1 80
1 1 3
1 1 -22
1 1 46
1 1 -49
2 -55
1 1 -62
1 1 29
1 1 -60
1 1 48
1 1 -81
1 1 -86
3 21 23
1 1 87
2 -22
2 29
2 -22
1 1 95
2 87
2 -62
1 1 -99
1 1 -44
1 1 11
2 48
1 1 -42
2 11
1 1 -45
1 1 91
1 1 52
1 1 87
2 -42
1 1 -49
1 1 -92
1 1 78
2 78
1 1 -44
2 -92
1 1 -11
2 87
2 -11
1 1 -10
2 -44
1 1 -82
1 1 2
3 -93 88
2 -82
1 1 4
2 -49
1 1 52
2 -49
2 -92
1 1 0
1 1 -36
1 1 -48
1 1 27
1 1 54
1 1 43
1 1 -3
1 1 96
2 96
1 1 -44
1 1 -11
1 1 -36
1 1 55
1 1 93
2 54
1 1 -40
1 1 70
1 1 -54
3 -3 71
1 1 -52
2 93
2 -40
1 1 7
1 1 -99
1 1 8
1 1 2
2 2
2 -54
1 1 -81
2 -54
1 1 -95
1 1 -54
3 25 27
1 1 -1
1 1 -33
2 -54
1 1 50
2 -81
1 1 -56
1 1 -57
1 1 -36
1 1 6
1 1 62
1 1 -54
1 1 17
1 1 38
1 1 14
1 1 21
2 14
1 1 -21
2 -36
1 1 -9
1 1 -29
1 1 30
2 14
2 -29
1 1 59
2 -21
2 14
1 1 -69
1 1 -53
2 -9
1 1 27
1 1 -34
1 1 -7
1 1 -22
2 27
1 1 65
2 -34
1 1 -2
1 1 86
2 -2
2 -69
3 -9 74
2 -53
1 1 50
2 50
3 -40 79
2 50
1 1 36
1 1 99
1 1 -60
1 1 -63
1 1 -62
2 -22
1 1 -49
1 1 30
1 1 45
2 30
2 -62
1 1 -84
1 1 93
1 1 -61
2 -49
2 -61
1 1 -1
1 1 3
2 93
1 1 -87
1 1 -71
1 1 62
1 1 92
1 1 -36
1 1 -75
1 1 1
1 1 -97
2 -87
1 1 87
2 1
1 1 -52
1 1 56
2 87
2 -71
1 1 97
1 1 -19
1 1 -42
2 -97
1 1 -17
1 1 88
1 1 52
1 1 63
1 1 53
2 56
1 1 34
1 1 -92
1 1 94
2 -42
1 1 59
2 63
1 1 73
1 1 -2
2 94
2 63
1 1 11
1 1 18
1 1 45
1 1 5
1 1 -62
1 1 -11
1 1 86
1 1 69
1 1 -71
1 1 -82
1 1 42
1 1 33
2 -71
3 -81 -9
1 1 68
1 1 36
1 1 -73
2 -11
1 1 -6
1 1 -8
1 1 -73
2 -71
1 1 -5
3 -60 -21
1 1 45
1 1 -58
2 36
1 1 -75
2 -58
1 1 -76
2 -76
1 1 64
1 1 44
1 1 10
1 1 31
1 1 -24
2 45
2 -75
1 1 -82
1 1 -27
1 1 -47
3 90 92
2 -82
1 1 -71
1 1 -72
1 1 90
2 31
2 -71
2 10
1 1 -1
1 1 99
1 1 73
1 1 -34
1 1 -74
1 1 -55
1 1 -31
1 1 -61
2 -34
2 -1
1 1 -23
1 1 -29
1 1 0
2 -29
1 1 -78
2 -34
1 1 95
1 1 27
2 0
1 1 -85
3 -11 11
1 1 85
2 0
1 1 -44
1 1 -6
1 1 68
2 0
1 1 -40
1 1 -88
1 1 -83
1 1 50
2 -88
1 1 21
1 1 -18
1 1 -58
1 1 -64
1 1 -39
2 -18
1 1 53
2 -58
2 -58
3 -92 8
3 5 18
1 1 -22
2 -18
1 1 -4
1 1 -8
1 1 36
1 1 42
3 31 73
1 1 64
1 1 -23
1 1 -41
1 1 72
1 1 87
2 -23
1 1 15
1 1 -46
2 87
2 42
1 1 79
2 72
1 1 75
1 1 -47
2 87
2 15
3 -7 90
1 1 94
1 1 -63
3 -37 60
1 1 41
3 67 82
1 1 -84
2 -63
1 1 -37
1 1 30
1 1 44
1 1 18
2 -47
1 1 -56
1 1 -55
1 1 34
1 1 -98
1 1 88
2 -56
1 1 43
2 34
1 1 12
2 88
1 1 -69
1 1 -90
1 1 12
2 43
2 -55
2 -90
1 1 -56
2 -98
2 12
2 -55
1 1 81
1 1 72
1 1 -87
1 1 -42
2 12
2 -69
1 1 -71
2 -69
1 1 -15
2 -69
2 81
2 -87
3 -77 61
1 1 68
2 -71
2 72
1 1 -78
1 1 -13
2 -71
1 1 -62
1 1 -34
1 1 50
1 1 -32
1 1 60
1 1 -60
2 -62
1 1 -49
1 1 -83
1 1 -64
1 1 -97
1 1 -20
2 50
2 -97
1 1 72
2 -20
1 1 -95
2 -20
2 -20
1 1 60
2 60
1 1 56
2 -49
2 -60
2 -49
2 -97
1 1 -24
2 -64
1 1 52
2 56
2 52
2 -64
1 1 92
1 1 40
1 1 -94
2 56
1 1 49
1 1 16
1 1 -86
1 1 -36
2 40
2 -94
1 1 38
2 38
1 1 50
2 40
2 92
1 1 91
2 92
1 1 7
1 1 17
2 16
1 1 -51
1 1 -49
1 1 78
2 7
2 -86
2 -86
3 -21 84
2 17
1 1 -46
1 1 62
2 -46
1 1 51
1 1 -46
1 1 89
2 62
2 89
1 1 -49
3 -99 -57
1 1 -64
1 1 -26
1 1 -48
3 41 42
1 1 63
3 -15 51
1 1 38
1 1 -52
1 1 16
1 1 59
1 1 -43
1 1 43
1 1 57
1 1 -83
2 -48
2 16
2 16
1 1 71
1 1 75
1 1 12
1 1 75
1 1 -30
1 1 54
2 54
1 1 -43
2 -30
1 1 -11
2 54
1 1 -14
1 1 99
1 1 17
2 -11
2 75
1 1 45
1 1 -89
1 1 79
1 1 -32
1 1 63
1 1 78
2 -32
1 1 71
1 1 -50
1 1 -26
1 1 -84
2 45
1 1 -93
1 1 -87
1 1 47
1 1 -77
1 1 89
1 1 -92
2 -50
1 1 5
1 1 -3
1 1 26
3 -34 -4
1 1 -33
2 -92
1 1 -90
1 1 -82
1 1 31
1 1 -89
2 -33
1 1 2
2 -90
2 -92
1 1 -60
1 1 37
1 1 3
1 1 85
1 1 -28
1 1 39
1 1 -82
2 2
2 -89
3 -26 34
1 1 79
2 85
1 1 -16
3 -11 3
1 1 25
1 1 54
1 1 -78
3 -61 61
2 85
2 39
1 1 7
1 1 -18
2 7
1 1 -98
2 39
2 -16
1 1 56
1 1 -27
1 1 64
1 1 -49
2 -27
1 1 -45
2 54
2 -78
1 1 58
1 1 90
1 1 -77
1 1 88
1 1 -36
1 1 -40
1 1 12
2 -40
2 90
1 1 -45
1 1 -62
1 1 42
1 1 22
2 42
2 90
2 -40
2 -77
1 1 -9
1 1 -69
1 1 -70
1 1 -51
1 1 -44
1 1 -83
1 1 -32
2 -69
1 1 92
1 1 -6
1 1 -79
2 -51
2 -32
2 -51
2 -69
1 1 -97
1 1 -89
1 1 -97
1 1 40
1 1 -32
1 1 -55
1 1 -91
1 1 -12
1 1 -19
1 1 -36
1 1 94
1 1 52
1 1 57
1 1 -21
1 1 -74
1 1 -5
3 -23 74
1 1 -92
2 -21
1 1 60
2 57
1 1 -28
2 -74
1 1 -22
1 1 -89
1 1 83
1 1 2
1 1 79
1 1 -60
2 79
1 1 -72
1 1 -61
1 1 84
1 1 -22
1 1 1
2 83
1 1 -24
1 1 -54
1 1 -17
1 1 -5
1 1 36
2 84
1 1 98
1 1 -83
3 -52 -33
1 1 -90
1 1 -25
2 -83
1 1 1
1 1 97
1 1 68
2 68
2 -83
2 36
1 1 -66
1 1 86
1 1 -69
1 1 43
1 1 -21
1 1 -21
1 1 29
1 1 46
3 -54 -8
3 -19 -5
1 1 -22
1 1 -9
1 1 15
1 1 -98
1 1 96
1 1 54
2 15
1 1 -76
1 1 57
1 1 24
2 54
1 1 71
1 1 -34
2 -9
1 1 -18
1 1 -21
1 1 -12
1 1 -53
1 1 12
1 1 -65
1 1 -85
1 1 37
1 1 36
1 1 -19
1 1 -96
1 1 88
1 1 9
2 -85
2 -96
2 -19
1 1 37
1 1 -97
1 1 -29
1 1 -28
1 1 81
1 1 13
2 88
1 1 79
1 1 32
1 1 34
1 1 25
1 1 -85
1 1 30
1 1 31
1 1 86
2 79
1 1 -37
1 1 -21
2 -21
1 1 36
1 1 -15
1 1 22
1 1 -62
2 30
1 1 -87
2 -87
2 30
1 1 -59
1 1 -46
2 36
1 1 -90
1 1 20
1 1 -59
1 1 19
2 -59
1 1 31
2 -46
1 1 26
1 1 32
2 -46
2 31
1 1 51
2 32
2 19
1 1 55
2 19
1 1 69
1 1 93
2 51
1 1 8
1 1 66
2 8
1 1 -80
1 1 -98
1 1 -6
2 -6
1 1 -93
1 1 -61
2 66
1 1 -53
2 66
1 1 -59
1 1 68
1 1 -37
1 1 55
1 1 -97
1 1 57
1 1 2
2 57
3 -46 64
1 1 82
2 82
1 1 10
1 1 -3
1 1 -29
2 -97
1 1 28
1 1 70
2 10
3 -41 54
1 1 -65
1 1 71
1 1 -4
3 -88 17
2 10
1 1 -41
1 1 -31
2 28
1 1 -17
1 1 -15
1 1 72
1 1 -40
2 -65
1 1 91
1 1 -78
2 -4
2 -40
1 1 23
2 -78
1 1 58
2 -15
1 1 29
2 -15
1 1 -30
1 1 29
2 -15
3 -22 -6
2 23
1 1 -49
2 -78
1 1 -49
1 1 -77
2 29
1 1 83
1 1 53
1 1 22
1 1 36
1 1 43
2 43
1 1 -59
1 1 35
1 1 30
1 1 12
1 1 -33
1 1 -48
1 1 57
1 1 -36
1 1 -89
1 1 68
1 1 -63
1 1 79
1 1 75
1 1 -93
2 -63
2 -48
1 1 88
2 88
1 1 -48
1 1 -50
2 -48
1 1 -65
1 1 98
1 1 10
1 1 -44
1 1 21
1 1 35
2 21
2 10
2 -50
1 1 -86
1 1 8
1 1 87
2 -44
2 21
2 8
1 1 1
1 1 -98
3 -72 41
1 1 64
1 1 43
1 1 26
1 1 76
2 8
1 1 -80
1 1 -11
1 1 -22
1 1 63
3 -3 53
1 1 23
2 63
1 1 -37
1 1 -40
2 43
1 1 29
2 -80
2 -80
2 26
1 1 -38
2 -37
2 23
1 1 -32
1 1 7
1 1 63
3 -52 -43
3 69 70
2 29
2 29
1 1 -20
1 1 -5
1 1 0
1 1 -56
1 1 73
1 1 18
1 1 6
3 -90 22
2 -32
2 6
1 1 -36
1 1 87
1 1 0
3 -82 -57
2 18
1 1 8
1 1 -85
1 1 -41
1 1 -98
2 -36
1 1 -28
2 18
1 1 18
1 1 94
1 1 70
3 -21 74
1 1 25
1 1 -96
1 1 80
1 1 21
1 1 -82
1 1 -3
2 80
3 -68 73
1 1 -39
1 1 89
2 94
2 -39
3 -95 -15
1 1 -48
3 -23 65
2 -82
1 1 -79
2 -39
1 1 -13
1 1 -29
1 1 78
1 1 3
1 1 0
1 1 47
1 1 -90
1 1 61
1 1 11
2 61
1 1 -64
2 -13
2 -64
2 -64
2 0
2 -64
1 1 -5
1 1 60
1 1 28
1 1 23
2 60
2 61
3 41 92
1 1 82
2 23
1 1 -71
1 1 -90
1 1 37
2 37
2 11
2 11
1 1 -51
1 1 70
1 1 47
1 1 75
2 70
2 70
2 70
2 37
2 37
1 1 -24
1 1 -66
2 -24
2 -90
1 1 -68
1 1 47
2 47
1 1 -51
2 -51
1 1 33
2 70
1 1 38
1 1 93
2 -24
1 1 -29
1 1 34
2 -29
2 34
2 -66
1 1 28
2 -29
1 1 98
2 -51
3 42 87
2 -68
1 1 98
2 98
1 1 82
2 82
2 98
1 1 30
2 30
1 1 -78
1 1 3
1 1 51
1 1 58
2 98
1 1 -3
1 1 79
2 82
1 1 -75
1 1 83
1 1 49
1 1 -49
1 1 77
2 -75
1 1 89
1 1 -54
3 -1 81
2 83
2 89
1 1 -70
1 1 87
3 14 18
1 1 -28
1 1 60
1 1 39
1 1 -63
1 1 95
1 1 60
1 1 99
1 1 -11
1 1 -86
2 39
2 99
1 1 0
2 39
1 1 14
1 1 -96
1 1 93
2 -86
2 -96
1 1 -58
2 14
1 1 89
1 1 24
1 1 1
1 1 56
1 1 60
1 1 14
1 1 83
1 1 96
1 1 -64
1 1 24
2 60
1 1 0
1 1 -68
1 1 6
1 1 6
1 1 -49
1 1 25
2 96
1 1 90
1 1 77
2 6
1 1 47
2 24
1 1 34
1 1 -56
2 90
1 1 -14
1 1 -84
2 -49
1 1 56
1 1 -75
1 1 3
2 56
1 1 -30
1 1 -37
1 1 7
1 1 -1
2 -56
1 1 95
1 1 32
1 1 69
1 1 83
1 1 20
2 -1
1 1 -17
1 1 -5
1 1 -71
2 -71
1 1 -2
2 95
2 20
1 1 -45
1 1 -76
2 -17
1 1 -24
2 -76
1 1 -2
3 -95 21
1 1 -15
1 1 69
2 -15
2 -15
1 1 -92
1 1 66
1 1 26
1 1 -88
1 1 90
1 1 9
3 -72 -30
1 1 -91
2 -15
1 1 -46
1 1 -20
1 1 -17
2 -91
1 1 2
1 1 -34
2 -20
2 -88
1 1 -44
1 1 41
1 1 11
2 -34
1 1 -59
2 -59
1 1 55
2 -44
1 1 -39
1 1 18
1 1 -46
1 1 43
1 1 -93
1 1 20
1 1 -32
2 11
1 1 95
3 -82 5
2 -46
2 55
1 1 -30
1 1 -42
1 1 36
1 1 16
1 1 90
3 -45 35
1 1 60
2 95
3 -5 56
1 1 -84
2 16
2 -84
3 -92 90
1 1 -33
1 1 19
1 1 -82
1 1 -15
1 1 60
2 -82
1 1 -9
1 1 -74
1 1 -83
2 19
1 1 85
1 1 33
1 1 20
1 1 21
1 1 20
2 20
3 85 92
1 1 67
1 1 -52
1 1 -17
1 1 60
1 1 -74
1 1 -60
1 1 -99
3 -19 2
2 -99
1 1 53
1 1 -83
2 -99
2 67
1 1 98
1 1 -24
2 53
2 -52
2 -17
1 1 88
1 1 -79
1 1 35
2 35
1 1 -49
1 1 31
1 1 -34
1 1 80
2 98
2 -83
2 88
1 1 70
1 1 40
1 1 87
1 1 85
2 80
1 1 -14
1 1 -33
1 1 61
2 70
1 1 -85
3 -3 57
1 1 -24
1 1 16
1 1 -1
1 1 74
1 1 78
2 -1
1 1 32
1 1 91
2 61
1 1 77
1 1 66
1 1 -31
2 -1
1 1 25
1 1 -65
2 74
2 78
1 1 -51
3 80 90
2 66
3 -44 45
1 1 -12
1 1 90
1 1 -43
1 1 97
1 1 -39
1 1 -89
2 90
1 1 -85
1 1 -94
1 1 66
2 -51
1 1 -61
1 1 26
3 27 66
2 97
2 -89
1 1 72
1 1 96
1 1 27
1 1 -82
1 1 -12
2 96
2 -94
1 1 -34
1 1 86
1 1 -65
1 1 82
3 -87 -20
3 25 71
2 -12
1 1 -99
1 1 -62
1 1 -92
1 1 68
2 -99
1 1 -23
1 1 -72
2 -62
2 -62
2 86
1 1 18
2 -99
2 -92
1 1 88
2 82
1 1 79
1 1 -16
3 -75 -11
1 1 23
1 1 -37
2 18
2 -23
1 1 -65
3 -39 97
1 1 52
1 1 26
1 1 40
1 1 -42
3 50 64
2 -65
2 -16
1 1 -11
1 1 -67
1 1 -33
1 1 5
2 -65
1 1 32
1 1 -82
1 1 -83
1 1 -74
1 1 55
1 1 -98
1 1 37
1 1 -23
1 1 90
1 1 82
1 1 32
1 1 86
1 1 -39
1 1 30
2 -98
1 1 98
1 1 -41
1 1 74
1 1 44
2 98
1 1 51
1 1 89
1 1 -95
1 1 -94
1 1 -83
2 44
2 89
2 -94
2 30
1 1 56
1 1 -38
1 1 -70
1 1 -23
1 1 -11
1 1 6
1 1 13
1 1 -67
1 1 34
1 1 20
1 1 -33
1 1 17
2 17
1 1 -43
1 1 87
1 1 -16
2 -67
1 1 -13
2 -33
1 1 59
1 1 -93
1 1 -64
1 1 -9
1 1 72
2 -93
1 1 -53
1 1 84
2 84
3 68 92
1 1 26
1 1 -28
2 72
1 1 -51
1 1 76
3 -91 4
1 1 -19
2 -64
1 1 -40
1 1 -46
1 1 54
2 26
1 1 -75
2 -75
1 1 66
1 1 -96
1 1 -38
3 -96 -49
1 1 -81
1 1 62
1 1 -92
1 1 -30
1 1 52
1 1 -85
2 -75
1 1 51
1 1 37
2 52
1 1 57
2 51
2 57
3 -97 10
2 62
1 1 -77
2 37
2 -77
2 -85
1 1 19
2 -77
2 -30
1 1 41
1 1 99
1 1 36
1 1 60
2 60
2 19
3 -87 -16
2 -77
2 36
3 -78 -38
2 60
1 1 -80
1 1 25
2 -77
1 1 25
2 99
1 1 13
2 36
2 13
2 25
1 1 15
2 25
1 1 -49
2 36
2 25
1 1 68
1 1 34
2 -49
1 1 -5
3 -5 6
1 1 -72
1 1 -22
3 71 88
2 25
1 1 51
1 1 33
1 1 38
1 1 -2
2 38
1 1 64
1 1 94
1 1 10
3 -98 -24
2 10
3 -72 64
1 1 7
1 1 -10
2 51
2 -2
1 1 6
2 51
1 1 75
1 1 83
1 1 86
1 1 83
1 1 -27
1 1 91
2 83
1 1 -3
1 1 16
2 -10
1 1 -4
1 1 55
2 -4
1 1 -19
1 1 64
1 1 -57
2 -27
1 1 -10
1 1 78
2 -4
1 1 59
2 -57
2 -3
1 1 7
1 1 55
2 -4
1 1 -91
2 55
1 1 95
1 1 13
1 1 26
1 1 95
1 1 -88
1 1 -84
2 7
1 1 -97
1 1 95
1 1 30
2 26
2 26
2 -84
1 1 58
1 1 60
2 13
1 1 -10
1 1 99
1 1 98
3 -20 24
1 1 81
1 1 74
2 -97
1 1 -88
1 1 -95
1 1 -12
1 1 17
2 -88
2 -10
1 1 -15
1 1 26
2 26
2 -88
2 26
1 1 -3
1 1 22
1 1 -55
1 1 43
1 1 -63
2 -63
2 -12
2 -15
1 1 -19
1 1 -68
2 22
1 1 -45
1 1 -28
1 1 -50
2 43
1 1 -11
2 -63
3 40 60
1 1 4
2 -28
1 1 -6
1 1 -80
1 1 -62
1 1 -42
1 1 -3
1 1 47
1 1 -43
1 1 56
1 1 -26
2 56
1 1 -24
1 1 -60
1 1 -88
1 1 -44
1 1 95
1 1 -36
1 1 49
3 17 99
2 56
1 1 99
1 1 97
2 -26
1 1 89
2 -44
1 1 84
1 1 -59
1 1 11
1 1 -46
1 1 -60
1 1 -18
1 1 12
1 1 63
2 -59
2 12
1 1 10
3 -73 24
2 10
1 1 46
1 1 -95
2 -60
1 1 82
1 1 81
1 1 -63
3 -49 -4
1 1 7
2 -95
2 -95
2 -63
1 1 35
1 1 -5
1 1 -26
1 1 -17
1 1 70
1 1 -94
1 1 13
1 1 46
1 1 6
1 1 -78
1 1 94
2 70
1 1 -49
2 -49
1 1 -52
1 1 62
1 1 -8
1 1 -84
1 1 38
1 1 96
1 1 31
1 1 57
1 1 22
2 -49
1 1 30
1 1 56
1 1 -54
3 -78 -42
1 1 -36
1 1 26
3 -29 -16
2 -36
1 1 57
2 57
1 1 -99
1 1 8
1 1 52
1 1 -93
1 1 -26
1 1 96
1 1 -11
1 1 49
2 -99
1 1 65
1 1 -2
1 1 -92
1 1 -6
2 -6
1 1 -19
2 96
2 -11
1 1 90
1 1 61
1 1 -33
2 65
2 -92
3 -58 53
3 -89 49
1 1 81
2 65
2 90
2 90
1 1 -46
1 1 91
1 1 -16
1 1 62
1 1 60
2 -46
2 62
2 -46
1 1 7
2 -16
1 1 -84
2 60
1 1 -16
2 60
1 1 7
2 62
2 7
1 1 47
1 1 94
2 7
1 1 -97
3 -47 -17
2 -16
1 1 -70
1 1 48
1 1 -72
3 -49 55
2 47
1 1 23
2 47
1 1 -77
1 1 -73
3 -26 7
1 1 -38
1 1 -5
1 1 83
2 48
1 1 43
1 1 -25
2 -5
1 1 17
2 -5
3 4 46
1 1 51
1 1 -10
1 1 73
1 1 73
1 1 11
1 1 -64
1 1 -7
1 1 94
1 1 62
1 1 92
2 94
1 1 96
1 1 5
2 94
1 1 -93
1 1 90
1 1 -60
1 1 -35
1 1 -93
1 1 57
3 -99 55
3 -64 -20
1 1 -51
1 1 46
1 1 77
2 90
1 1 50
1 1 -81
1 1 3
2 -51
2 50
2 50
1 1 -73
1 1 -72
1 1 -76
1 1 34
2 50
2 77
1 1 64
2 -72
2 77
2 46
1 1 -72
1 1 -70
1 1 3
2 64
1 1 -96
2 -76
2 -72
1 1 -87
1 1 32
2 -70
1 1 -99
3 -75 33
1 1 59
1 1 -5
2 32
1 1 -86
1 1 55
1 1 53
2 55
1 1 -2
2 -2
1 1 2
1 1 67
1 1 36
1 1 89
1 1 -21
1 1 97
1 1 -27
1 1 88
1 1 55
2 89
1 1 17
1 1 -12
1 1 -39
2 -21
1 1 50
1 1 -24
1 1 -99
1 1 -48
2 -99
2 55
1 1 -19
2 50
2 88
3 21 29
1 1 -70
1 1 38
1 1 55
1 1 31
1 1 -42
1 1 -92
1 1 -93
2 -48
2 -70
1 1 -1
1 1 -26
1 1 -77
2 -93
1 1 70
1 1 85
1 1 9
1 1 74
3 15 59
1 1 0
2 70
1 1 -83
1 1 2
1 1 24
1 1 2
1 1 49
2 -83
2 -83
1 1 30
1 1 -16
1 1 59
1 1 -89
1 1 98
2 59
1 1 68
2 -16
1 1 -36
1 1 -37
1 1 49
1 1 1
2 49
1 1 65
2 -89
1 1 33
1 1 41
2 -89
1 1 -17
1 1 -67
2 -37
1 1 -93
1 1 -70
1 1 56
1 1 -32
2 -32
1 1 -57
1 1 -28
3 -79 76
2 -17
1 1 -40
1 1 -14
1 1 97
2 -14
1 1 -81
1 1 -22
1 1 79
2 -32
1 1 27
2 -28
1 1 -61
2 -61
1 1 15
1 1 -74
1 1 -11
2 -61
3 -85 79
1 1 -82
1 1 -56
1 1 40
3 -84 69
1 1 -91
1 1 -90
1 1 -51
1 1 -11
2 -90
1 1 -37
2 -56
1 1 -38
1 1 4
1 1 15
1 1 20
1 1 -80
1 1 -97
1 1 -5
2 -5
1 1 44
1 1 -30
1 1 18
1 1 92
2 -30
1 1 35
2 -80
1 1 -68
1 1 75
1 1 1
1 1 41
1 1 -35
1 1 -10
1 1 92
2 -68
1 1 12
2 -35
2 -10
1 1 12
1 1 53
1 1 16
1 1 60
1 1 25
1 1 -50
1 1 -73
2 -50
1 1 -5
1 1 -34
1 1 -74
2 16
1 1 83
2 60
1 1 68
2 25
1 1 -25
1 1 -89
1 1 -78
1 1 -32
1 1 -11
1 1 -82
1 1 26
1 1 -8
1 1 91
2 -78
1 1 0
2 -89
1 1 40
1 1 -41
2 26
2 91
1 1 50
1 1 -49
1 1 -14
2 40
1 1 -20
2 -8
1 1 -10
1 1 60
2 -49
2 0
2 -41
1 1 22
1 1 -69
1 1 11
1 1 -91
2 -49
2 -69
1 1 -93
1 1 -6
2 -14
1 1 49
2 -93
2 -93
1 1 56
2 56
1 1 12
2 49
2 22
1 1 49
1 1 92
1 1 73
2 49
1 1 -37
1 1 -76
1 1 22
1 1 -9
1 1 -38
1 1 74
1 1 42
1 1 -4
2 92
2 22
1 1 6
2 -76
2 -4
1 1 59
2 74
1 1 73
1 1 17
2 22
2 6
1 1 4
1 1 3
2 -38
1 1 83
2 83
1 1 56
1 1 63
3 -60 72
1 1 49
2 73
2 3
1 1 30
2 73
1 1 40
1 1 -18
1 1 89
3 9 69
1 1 -90
1 1 -81
2 89
1 1 -21
1 1 11
1 1 55
1 1 -30
1 1 50
1 1 -41
1 1 -17
1 1 91
1 1 -23
2 -21
2 -81
1 1 91
2 91
2 -23
1 1 2
2 55
2 11
2 -41
2 11
2 -41
1 1 -4
2 55
2 -23
1 1 -59
2 50
1 1 12
1 1 93
2 -17
1 1 -45
2 -45
1 1 -8
1 1 35
1 1 -11
2 35
1 1 56
1 1 98
1 1 89
1 1 33
3 26 49
3 10 29
2 -45
2 35
1 1 42
1 1 2
1 1 -47
2 98
1 1 -6
1 1 41
2 98
2 -47
1 1 -56
1 1 53
2 98
1 1 60
1 1 -6
1 1 54
2 -56
1 1 27
1 1 91
2 60
1 1 -96
1 1 1
2 -56
2 1
1 1 -33
1 1 -74
1 1 95
2 -74
1 1 91
1 1 -26
1 1 -48
2 91
1 1 84
2 -26
1 1 -78
2 -48
1 1 43
1 1 -82
1 1 0
1 1 88
2 88
2 88
1 1 37
2 -82
2 88
2 -82
1 1 77
2 -78
2 77
3 7 78
1 1 -64
1 1 74
1 1 19
1 1 10
2 0
1 1 -14
3 -83 -55
1 1 74
2 77
1 1 -88
1 1 -63
1 1 -37
1 1 -67
2 -88
1 1 -21
2 -37
2 -67
2 -37
2 -67
1 1 79
1 1 -58
1 1 -1
1 1 -23
1 1 -4
2 -88
3 -27 22
1 1 -34
1 1 -80
2 -34
1 1 48
2 -4
2 -80
2 79
2 -1
2 79
1 1 -85
1 1 -77
1 1 -56
1 1 -75
1 1 -67
2 -4
1 1 -9
1 1 7
1 1 -53
1 1 -41
1 1 15
1 1 -28
1 1 -52
1 1 10
1 1 80
1 1 -83
1 1 87
1 1 -9
1 1 -71
2 10
1 1 24
1 1 -31
2 -9
2 -52
2 80
1 1 33
1 1 -45
2 33
1 1 -7
1 1 -23
1 1 50
1 1 -34
1 1 73
3 0 53
3 28 61
2 -34
2 -34
2 24
1 1 -75
1 1 10
2 -31
2 33
2 -23
2 -45
1 1 -84
1 1 78
1 1 -59
1 1 -36
1 1 -33
2 10
1 1 79
1 1 -24
1 1 -88
1 1 83
1 1 35
2 78
3 5 93
1 1 99
2 83
3 -73 4
1 1 -10
1 1 -63
2 -24
2 -36
2 -63
1 1 -87
2 -10
1 1 59
2 83
1 1 -17
1 1 -83
1 1 -26
2 59
1 1 81
1 1 -3
2 -63
2 -17
1 1 -14
1 1 90
2 -87
1 1 -87
1 1 93
1 1 59
1 1 61
1 1 -67
2 90
1 1 32
1 1 3
1 1 6
2 3
1 1 -72
1 1 -29
1 1 -69
1 1 -32
1 1 -46
1 1 85
1 1 -35
2 -46
2 32
1 1 -22
2 6
1 1 -94
3 -44 9
2 -72
1 1 -7
2 85
1 1 -90
2 85
1 1 83
3 1 44
1 1 -95
1 1 76
2 -7
1 1 83
2 -22
1 1 34
1 1 -47
1 1 -85
1 1 60
1 1 41
1 1 55
3 -41 98
1 1 -9
1 1 46
1 1 -56
1 1 -80
1 1 95
1 1 -65
2 -80
2 -9
1 1 40
1 1 96
2 46
1 1 56
2 -65
1 1 -87
2 -9
1 1 -76
2 -65
1 1 23
2 -87
2 96
1 1 -94
1 1 41
1 1 26
1 1 -42
1 1 -20
1 1 -14
1 1 13
1 1 16
2 -42
1 1 61
1 1 -52
1 1 -86
2 -52
1 1 -91
1 1 44
2 -14
2 -14
2 61
1 1 97
1 1 -61
1 1 30
1 1 32
2 16
1 1 -52
1 1 -11
1 1 37
3 26 86
2 -86
2 97
1 1 -10
1 1 -56
1 1 26
1 1 84
1 1 -5
1 1 -53
1 1 -8
3 13 95
2 -11
1 1 -47
1 1 44
1 1 -94
1 1 64
1 1 72
1 1 -31
1 1 62
1 1 -77
1 1 11
1 1 43
1 1 90
1 1 -48
1 1 -86
1 1 -99
1 1 -92
1 1 57
1 1 57
1 1 -92
1 1 -66
2 -92
1 1 40
2 -66
1 1 40
1 1 54
1 1 -49
1 1 42
2 57
2 57
1 1 61
1 1 21
1 1 84
3 5 42
1 1 76
1 1 39
1 1 -23
1 1 -61
1 1 -34
1 1 66
1 1 -38
1 1 7
1 1 65
1 1 -33
1 1 -61
3 -35 26
2 7
1 1 -88
1 1 37
1 1 -49
2 -33
2 -49
1 1 -8
1 1 37
1 1 8
1 1 84
1 1 48
1 1 10
2 37
1 1 85
1 1 -37
1 1 -23
1 1 15
2 8
1 1 -1
2 85
1 1 -8
1 1 -38
2 -23
1 1 48
1 1 -62
1 1 12
1 1 -48
1 1 -19
1 1 42
1 1 20
1 1 -40
1 1 48
1 1 -6
1 1 -47
2 48
1 1 -96
1 1 -75
1 1 41
2 -47
2 41
1 1 85
2 -6
2 42
1 1 -19
1 1 87
1 1 85
1 1 94
3 38 54
1 1 49
2 -19
2 49
1 1 76
1 1 34
1 1 -55
1 1 13
2 85
1 1 -60
1 1 57
2 49
2 85
2 13
1 1 1
1 1 86
2 -55
1 1 59
1 1 -79
1 1 -99
1 1 -98
1 1 64
3 -21 58
2 1
1 1 -92
1 1 -5
2 -5
1 1 17
1 1 -19
1 1 52
1 1 -27
2 64
1 1 36
3 -11 13
1 1 -5
1 1 2
1 1 79
1 1 59
1 1 -41
2 -27
2 -5
2 -19
1 1 0
1 1 50
2 36
1 1 -71
2 -71
1 1 68
1 1 -57
2 0
3 2 16
2 -57
1 1 -79
2 79
1 1 -41
1 1 28
2 -79
2 -57
1 1 -33
1 1 -57
1 1 -70
1 1 73
2 28
1 1 93
2 -57
2 -70
1 1 -3
1 1 61
2 73
1 1 -40
1 1 -41
1 1 -93
2 -93
2 61
2 73
3 17 43
1 1 -12
1 1 26
2 26
1 1 -5
1 1 -24
2 61
1 1 -44
1 1 6
1 1 -31
1 1 45
1 1 88
1 1 -89
2 -31
1 1 83
1 1 43
1 1 -39
1 1 60
1 1 97
2 60
1 1 -83
1 1 41
1 1 87
1 1 -95
1 1 -90
1 1 -6
1 1 -38
1 1 42
2 -90
1 1 38
1 1 -92
2 -83
1 1 -39
1 1 -13
3 -13 1
1 1 -94
1 1 -71
3 14 19
3 5 8
1 1 62
1 1 -16
1 1 -42
1 1 -44
1 1 22
1 1 -94
2 -44
1 1 68
1 1 54
1 1 69
2 62
1 1 -93
1 1 17
1 1 41
2 54
1 1 45
1 1 80
2 -94
2 69
3 5 95
1 1 43
2 -93
1 1 37
2 41
3 -31 91
1 1 -64
2 80
1 1 -90
1 1 14
1 1 -90
1 1 99
1 1 6
1 1 -52
2 43
2 37
1 1 -84
2 37
1 1 -13
1 1 37
1 1 -49
2 -90
1 1 94
3 -56 57
1 1 23
3 -25 68
2 -13
1 1 -59
2 -13
2 -13
1 1 96
1 1 -13
1 1 -50
1 1 -20
1 1 -20
1 1 34
1 1 -2
1 1 -38
1 1 -19
1 1 -92
1 1 -53
2 -92
1 1 -41
1 1 48
2 -2
1 1 -15
2 -15
1 1 -6
1 1 -53
1 1 -7
1 1 85
2 -6
1 1 -96
1 1 9
2 -41
1 1 1
1 1 -51
1 1 -15
1 1 1
2 1
1 1 16
1 1 95
2 -7
1 1 67
1 1 -48
1 1 -22
1 1 26
1 1 -47
1 1 17
1 1 5
2 95
1 1 -82
1 1 55
1 1 72
1 1 67
1 1 7
2 -82
1 1 61
2 17
1 1 -40
1 1 83
1 1 14
1 1 -74
1 1 -94
2 7
1 1 48
1 1 46
1 1 -74
1 1 -53
1 1 -9
1 1 -13
1 1 -33
1 1 62
1 1 58
2 62
1 1 -58
2 -33
1 1 13
1 1 -79
1 1 6
1 1 -49
1 1 -23
3 -88 -32
1 1 -39
1 1 -14
1 1 95
1 1 -61
1 1 -49
3 -93 0
1 1 9
2 -61
1 1 18
1 1 59
1 1 34
1 1 -20
1 1 -99
1 1 -74
1 1 -61
1 1 99
2 -20
2 -61
1 1 -50
1 1 -38
1 1 -66
1 1 90
2 -38
1 1 17
1 1 -94
2 17
1 1 -60
1 1 -68
2 90
1 1 -79
1 1 -58
2 -94
1 1 -35
2 -94
1 1 -84
1 1 -68
1 1 2
1 1 87
1 1 -31
1 1 -81
1 1 57
1 1 92
2 -81
1 1 58
1 1 99
2 -84
2 92
1 1 -56
1 1 52
1 1 -60
1 1 27
1 1 74
1 1 62
1 1 -15
2 -56
2 -60
1 1 9
1 1 -48
1 1 -45
2 52
1 1 -13
1 1 33
1 1 -86
1 1 -62
2 -13
1 1 33
2 -45
1 1 -51
1 1 -51
1 1 -83
1 1 -44
2 33
2 -44
1 1 96
1 1 29
1 1 -27
2 29
2 -27
1 1 5
1 1 82
1 1 -26
1 1 62
3 2 22
1 1 -32
1 1 53
1 1 -83
1 1 -10
2 82
1 1 95
1 1 33
2 -83
2 62
1 1 41
2 95
2 41
2 -10
1 1 81
2 62
1 1 18
1 1 -46
1 1 8
2 -83
1 1 -5
2 33
1 1 44
1 1 33
3 -57 -20
1 1 -1
1 1 31
2 18
1 1 10
1 1 -71
1 1 15
1 1 -93
1 1 18
2 -71
2 -5
1 1 94
2 -71
1 1 13
1 1 83
1 1 -73
1 1 69
2 13
2 13
1 1 -14
1 1 94
1 1 37
1 1 33
3 -95 38
1 1 -75
2 94
3 -78 3
1 1 44
1 1 -43
1 1 12
1 1 -23
2 37
1 1 52
2 52
1 1 22
1 1 31
2 37
1 1 49
2 33
3 -37 45
1 1 -7
1 1 22
1 1 46
1 1 85
1 1 12
1 1 85
1 1 67
1 1 -6
3 -97 -19
1 1 -25
1 1 38
1 1 -2
2 -6
1 1 98
3 84 93
1 1 -68
1 1 -95
3 -60 17
1 1 56
1 1 87
3 -49 48
1 1 54
1 1 -42
1 1 -88
1 1 -88
3 -76 -9
1 1 46
2 98
2 -95
3 -18 61
1 1 2
2 -68
1 1 34
2 -88
1 1 23
1 1 -47
2 34
2 -47
1 1 30
1 1 -16
2 23
2 -88
1 1 8
2 -88
1 1 -31
1 1 -17
2 46
1 1 -29
2 2
1 1 -79
1 1 0
2 -47
1 1 -89
1 1 -44
2 30
1 1 -89
1 1 -20
2 0
2 0
1 1 50
1 1 -40
3 -1 89
1 1 62
2 -89
1 1 -74
1 1 37
1 1 -69
1 1 -19
1 1 88
1 1 13
1 1 -95
1 1 83
1 1 -80
1 1 54
1 1 -54
1 1 -61
1 1 74
1 1 11
2 13
1 1 80
1 1 -54
1 1 -17
1 1 79
2 80
1 1 -62
1 1 12
1 1 39
2 39
1 1 -50
1 1 -71
3 -32 97
3 -31 24
1 1 -59
2 -54
2 -71
2 -71
2 -50
1 1 -11
1 1 -49
1 1 60
3 -42 25
1 1 28
1 1 99
1 1 -55
1 1 43
1 1 -62
1 1 48
1 1 91
1 1 -9
1 1 20
1 1 -73
1 1 -49
2 -62
2 48
2 91
2 -9
1 1 43
1 1 76
1 1 -47
1 1 70
1 1 74
1 1 2
2 -47
1 1 18
1 1 -50
1 1 47
1 1 -64
2 18
1 1 -70
2 76
1 1 -9
1 1 -40
2 74
1 1 -33
1 1 84
1 1 84
1 1 -34
2 -50
1 1 11
1 1 -88
1 1 -31
2 -33
1 1 -91
1 1 -74
2 -88
1 1 53
1 1 21
1 1 -62
2 -62
2 -88
2 -88
1 1 -77
1 1 -62
1 1 45
1 1 -27
1 1 -64
1 1 -63
2 21
1 1 44
1 1 29
2 45
2 -62
1 1 -41
1 1 -31
1 1 68
2 -41
2 -64
1 1 -54
1 1 45
1 1 57
2 -31
2 29
1 1 8
1 1 -47
2 -47
2 29
1 1 5
1 1 -47
1 1 30
1 1 50
2 45
1 1 -47
3 -29 8
2 5
3 -64 2
1 1 -83
3 -84 1
1 1 -32
1 1 18
2 -47
2 -47
2 18
1 1 -6
2 -47
1 1 -19
1 1 -24
2 -19
1 1 3
1 1 61
2 -83
1 1 41
1 1 -64
1 1 -81
1 1 73
1 1 54
2 -81
1 1 -30
1 1 -79
1 1 86
2 3
1 1 21
2 73
1 1 70
1 1 -90
1 1 -30
1 1 -71
2 70
2 21
1 1 21
2 70
2 -71
1 1 -56
2 -30
1 1 -21
3 -99 -53
1 1 96
1 1 16
2 -56
1 1 67
1 1 -15
2 -56
2 -90
1 1 -85
2 16
1 1 74
1 1 20
2 67
1 1 -16
1 1 -96
2 74
1 1 46
1 1 -24
1 1 -85
1 1 -73
1 1 82
1 1 6
2 -73
1 1 40
1 1 -26
2 -24
1 1 98
2 46
1 1 86
2 40
1 1 -19
1 1 -83
2 -83
1 1 -87
2 -83
2 86
1 1 -47
1 1 -46
1 1 30
1 1 -27
1 1 4
1 1 16
1 1 35
1 1 -25
2 35
1 1 -43
2 -43
2 35
1 1 -83
1 1 85
2 35
2 85
1 1 23
2 4
1 1 54
1 1 -16
1 1 97
1 1 95
2 23
1 1 12
2 23
2 12
1 1 16
2 16
1 1 65
1 1 99
1 1 24
1 1 97
1 1 -25
2 -25
2 -16
1 1 -80
1 1 96
2 65
2 -80
1 1 41
2 12
3 -76 -22
2 16
1 1 -22
1 1 -33
3 58 86
1 1 -12
3 -29 -1
1 1 -60
1 1 95
1 1 82
1 1 50
2 -60
1 1 -54
1 1 86
1 1 -49
1 1 57
1 1 82
2 -60
1 1 -94
2 -49
1 1 -16
1 1 -82
2 -54
1 1 34
2 50
1 1 30
1 1 84
1 1 72
1 1 -24
1 1 -6
2 -94
2 -16
1 1 96
2 34
1 1 94
1 1 -93
2 96
1 1 -72
1 1 36
1 1 -99
1 1 -21
1 1 -38
1 1 -21
1 1 70
1 1 -27
2 -93
1 1 -7
1 1 -94
1 1 59
2 -94
2 -21
2 -99
3 -87 -60
1 1 -73
2 59
1 1 50
1 1 75
1 1 17
1 1 79
1 1 88
1 1 -67
2 75
1 1 59
1 1 -30
3 -84 -45
1 1 -58
3 -80 83
1 1 -63
2 -67
1 1 -4
2 17
1 1 -69
2 -69
1 1 -15
1 1 -63
1 1 89
1 1 7
2 -63
1 1 84
1 1 74
2 -4
1 1 -83
1 1 -88
1 1 -30
1 1 90
1 1 -22
1 1 27
1 1 -1
2 84
1 1 28
2 -1
2 -83
3 -54 33
1 1 -15
2 -30
2 90
1 1 -76
1 1 85
2 28
1 1 66
1 1 45
1 1 -8
2 45
3 -88 62
2 45
1 1 27
2 27
1 1 60
2 -15
3 42 91
1 1 -84
1 1 -10
1 1 -35
1 1 -95
2 -8
1 1 -2
1 1 60
2 -95
3 -39 6
1 1 -4
1 1 -59
1 1 79
3 -37 6
2 -59
1 1 35
2 -2
1 1 -1
1 1 12
2 12
1 1 -84
2 -4
1 1 40
2 35
1 1 69
1 1 36
1 1 -24
3 -65 -44
1 1 -89
1 1 -41
2 -89
1 1 65
1 1 70
1 1 0
3 3 36
1 1 36
2 36
1 1 66
2 66
1 1 -85
1 1 96
2 -41
1 1 14
1 1 -79
1 1 55
1 1 -28
2 96
1 1 -72
1 1 -55
1 1 93
2 -28
2 96
1 1 -96
2 -28
2 93
3 -45 -42
1 1 -30
3 -24 96
1 1 12
1 1 -99
2 -96
1 1 75
2 -28
2 75
1 1 -19
2 -99
3 44 95
3 -74 -49
1 1 61
1 1 22
1 1 5
1 1 69
2 -99
1 1 81
1 1 76
2 81
1 1 -32
1 1 77
2 77
2 -32
1 1 78
3 -26 -16
1 1 67
2 5
1 1 95
1 1 -8
2 77
1 1 -16
2 95
2 -32
2 95
1 1 -78
2 78
2 77
2 67
1 1 -98
1 1 84
1 1 88
1 1 91
1 1 -65
1 1 69
1 1 -60
1 1 13
1 1 -37
1 1 -78
1 1 -4
1 1 -58
2 91
2 69
1 1 81
1 1 -50
1 1 -67
2 -67
1 1 92
1 1 -75
1 1 -33
1 1 65
1 1 64
1 1 -16
1 1 -93
2 -67
1 1 17
2 -16
1 1 -70
1 1 -43
1 1 42
2 64
1 1 89
1 1 58
1 1 24
1 1 -78
2 24
2 -93
2 -70
1 1 1
1 1 70
1 1 28
2 58
1 1 84
1 1 -80
1 1 39
1 1 -11
2 -11
1 1 31
2 84
1 1 -42
1 1 87
1 1 24
2 84
2 31
1 1 -94
1 1 14
2 84
1 1 -76
1 1 -1
2 14
1 1 -5
1 1 57
2 31
1 1 66
1 1 -13
1 1 58
1 1 7
1 1 -78
3 64 80
2 14
1 1 -41
1 1 95
1 1 -28
2 -5
1 1 -81
1 1 -47
1 1 -26
1 1 52
1 1 -45
1 1 69
1 1 -77
2 -41
2 95
1 1 57
1 1 83
1 1 28
2 -77
1 1 86
1 1 17
1 1 -36
2 -45
1 1 -54
1 1 -98
3 -22 60
1 1 -41
1 1 37
2 57
1 1 -42
1 1 -60
1 1 43
1 1 71
1 1 -86
3 19 41
1 1 -84
1 1 -55
1 1 -71
1 1 73
2 -84
1 1 -37
1 1 -98
1 1 68
1 1 96
1 1 -66
1 1 14
2 -37
2 14
3 12 30
1 1 -40
1 1 89
2 -37
1 1 66
1 1 -30
1 1 -25
1 1 96
1 1 2
1 1 1
1 1 21
1 1 -78
1 1 14
1 1 50
2 2
1 1 86
1 1 23
1 1 -30
1 1 93
3 -12 87
1 1 21
2 -30
1 1 41
1 1 -78
2 21
2 21
3 -36 5
1 1 -70
1 1 -75
1 1 75
2 41
2 23
1 1 90
1 1 -37
2 75
1 1 44
1 1 93
1 1 -9
1 1 -2
1 1 -90
1 1 -57
1 1 -32
2 -9
1 1 65
1 1 -56
2 93
1 1 3
3 -96 -52
1 1 94
1 1 -98
2 -90
1 1 31
2 3
1 1 20
1 1 0
2 -57
1 1 48
2 -32
1 1 -21
1 1 96
2 31
1 1 91
1 1 -35
2 -98
2 96
1 1 -88
1 1 50
2 -21
1 1 -87
1 1 94
2 91
1 1 44
1 1 -58
1 1 -85
1 1 -99
1 1 98
1 1 -44
1 1 -43
1 1 -26
2 -43
1 1 -75
3 -93 -73
2 -85
2 -99
1 1 -22
1 1 18
1 1 65
1 1 77
1 1 85
1 1 74
1 1 -13
2 65
1 1 -87
1 1 -64
2 65
3 -90 30
1 1 4
1 1 21
1 1 -39
1 1 -50
1 1 -19
1 1 47
1 1 -65
1 1 51
2 -87
1 1 63
1 1 20
1 1 -19
1 1 -46
2 63
1 1 23
2 -50
1 1 -37
1 1 -18
2 51
1 1 6
1 1 -62
1 1 90
1 1 -96
1 1 -43
3 -93 13
1 1 30
3 -4 54
1 1 -2
1 1 25
1 1 -24
1 1 14
1 1 29
1 1 -78
1 1 81
1 1 -5
2 81
1 1 56
1 1 -67
1 1 -73
1 1 -54
1 1 36
1 1 56
1 1 93
1 1 85
1 1 27
2 36
2 56
1 1 -85
1 1 -10
2 -10
1 1 -3
1 1 -32
1 1 -64
1 1 -99
2 93
1 1 63
1 1 82
2 -85
2 -64
2 27
2 82
2 85
1 1 29
1 1 -47
1 1 59
1 1 26
3 -63 11
1 1 8
1 1 26
2 59
1 1 66
2 8
3 31 92
1 1 -29
2 26
1 1 -94
1 1 -1
1 1 22
1 1 -73
2 8
2 -94
1 1 71
1 1 53
1 1 -94
2 22
2 53
1 1 -81
1 1 -51
2 71
2 -94
3 34 66
3 27 43
1 1 -34
1 1 90
1 1 45
1 1 48
1 1 17
2 -94
1 1 69
1 1 79
1 1 -25
2 17
1 1 -97
1 1 69
2 48
1 1 -51
2 -97
1 1 4
1 1 -17
2 48
2 79
1 1 40
1 1 -14
1 1 58
1 1 99
2 -51
1 1 84
2 84
2 4
1 1 55
2 -17
1 1 50
2 84
1 1 -87
1 1 -6
3 5 26
1 1 -39
1 1 -83
2 99
2 -83
1 1 -24
2 -39
1 1 46
2 99
1 1 -39
2 -83
1 1 4
1 1 72
1 1 31
1 1 -15
1 1 -40
2 -24
1 1 -2
1 1 32
1 1 63
1 1 35
1 1 -3
2 31
1 1 -50
1 1 -63
1 1 -88
1 1 -95
1 1 -20
1 1 -10
1 1 -22
1 1 64
2 -88
1 1 86
2 -95
1 1 -69
1 1 57
1 1 -4
1 1 4
1 1 31
3 -54 26
1 1 20
3 -73 20
2 86
1 1 83
1 1 -77
1 1 -68
1 1 -64
1 1 -93
1 1 23
2 -64
1 1 12
2 83
3 46 65
1 1 -97
2 -77
1 1 -89
1 1 44
1 1 -77
1 1 32
2 23
1 1 22
3 60 63
1 1 -97
1 1 -24
2 44
2 23
1 1 22
2 -24
1 1 -93
3 -14 96
1 1 -49
3 -39 43
1 1 8
1 1 56
1 1 -51
1 1 -71
2 -24
2 56
2 22
2 -97
1 1 43
1 1 95
1 1 -82
1 1 18
2 -51
2 -49
3 -61 -35
1 1 -17
1 1 1
2 -82
1 1 -58
1 1 61
1 1 16
1 1 -91
1 1 77
1 1 35
1 1 -64
1 1 22
1 1 -35
2 22
1 1 2
1 1 80
2 -35
1 1 16
1 1 -96
2 22
1 1 -70
1 1 4
1 1 72
1 1 -62
2 -62
1 1 -40
1 1 -27
1 1 -93
1 1 -67
1 1 22
1 1 -73
1 1 47
1 1 34
1 1 36
2 -93
1 1 -21
2 -40
3 -1 84
1 1 84
1 1 0
1 1 25
2 25
2 0
1 1 70
1 1 25
2 -21
1 1 68
1 1 18
1 1 -95
1 1 -94
2 -94
2 18
2 25
1 1 -63
1 1 49
1 1 37
2 37
1 1 -94
1 1 67
3 -97 -3
1 1 64
1 1 80
1 1 -40
2 67
2 -63
1 1 -87
3 -92 -20
2 64
2 67
2 37
1 1 28
1 1 19
1 1 47
1 1 95
1 1 84
1 1 -51
1 1 47
2 47
2 47
2 -87
2 19
1 1 -88
1 1 56
1 1 19
1 1 -47
1 1 -43
1 1 19
2 56
3 -90 58
1 1 -79
1 1 7
2 -47
1 1 5
1 1 45
2 45
1 1 92
1 1 -8
2 19
2 7
1 1 53
1 1 -19
2 5
1 1 63
2 92
3 -82 -80
1 1 69
1 1 -47
1 1 20
2 53
1 1 -13
2 -13
1 1 75
3 40 69
2 -8
1 1 36
1 1 97
2 53
2 97
2 63
2 53
1 1 -79
3 -1 90
1 1 -17
1 1 35
3 -74 26
2 -17
1 1 -37
1 1 -78
1 1 55
2 75
1 1 -92
2 35
1 1 -45
1 1 -90
2 -37
1 1 -22
2 -17
2 -79
1 1 -38
1 1 37
1 1 -96
2 -78
1 1 -16
1 1 21
1 1 26
1 1 73
1 1 -5
2 -90
2 -16
1 1 -10
1 1 38
1 1 40
1 1 -30
1 1 -24
1 1 19
3 61 82
1 1 19
1 1 -62
