60 43 247
1 1 64
2 1 -82
2 2 19
2 14 -77
2 16 1
2 17 -99
2 34 -39
2 43 -63
3 7 59
3 13 89
3 21 -24
5 5 47
5 12 26
5 18 -85
5 19 42
5 26 76
5 29 85
6 5 -69
6 10 -56
6 32 37
6 35 33
6 40 -3
7 1 -8
7 10 -43
7 39 -98
8 7 76
8 24 -7
9 3 53
9 18 -42
9 34 46
10 10 60
10 15 42
10 26 18
10 30 96
10 31 37
10 36 55
11 10 -18
11 14 -52
11 17 37
12 5 -39
12 10 -6
12 20 36
13 3 60
13 18 -70
13 23 40
13 29 -17
14 7 42
14 12 -79
14 15 -33
14 23 53
14 30 -55
14 33 -6
14 42 37
15 7 -70
15 39 -63
16 34 -77
16 37 -7
17 2 48
17 23 80
17 26 67
17 27 53
18 4 94
18 28 54
18 32 70
18 33 -25
19 12 -94
19 13 -100
19 30 -48
20 5 -14
20 8 -21
20 11 56
20 30 -146
20 41 29
21 4 39
21 5 -13
21 6 67
21 11 43
21 24 92
21 29 -36
22 11 89
22 19 -50
22 21 -51
22 22 34
22 23 -35
23 11 -91
23 17 -73
23 23 71
23 24 95
23 41 52
24 5 41
24 8 -20
24 9 -42
24 24 -98
25 13 56
25 24 -29
25 33 38
25 37 -24
25 41 -18
26 14 91
26 16 52
26 21 18
26 34 -85
27 4 86
27 5 -78
27 8 69
27 15 49
27 18 81
28 6 46
28 10 14
28 11 -58
28 43 41
29 6 93
29 18 -9
29 23 77
30 12 45
30 35 -51
30 36 -6
31 17 -45
31 18 -54
31 26 -96
32 2 -51
32 10 11
32 25 1
32 37 66
32 42 -92
33 1 65
33 13 2
33 19 -79
33 38 76
34 1 18
34 7 -50
34 18 -81
35 10 -60
35 28 -53
35 31 87
36 12 33
36 22 -96
36 23 -94
37 9 -25
37 10 28
37 22 17
37 28 -2
37 34 80
37 35 -20
37 40 -38
38 3 -1
38 6 -21
38 7 -77
38 13 82
38 14 -6
38 16 -75
38 21 -91
38 39 -99
38 40 68
39 6 -8
39 14 29
39 28 87
40 14 92
40 21 -57
40 30 99
40 33 56
40 36 50
40 41 -90
41 9 -30
41 22 98
42 21 9
42 28 -54
42 36 -66
42 37 68
43 7 -85
43 10 -69
43 13 -40
43 15 34
43 28 80
43 39 -98
44 6 40
44 16 37
44 33 -69
45 13 -2
45 34 -35
46 12 -7
46 15 -123
46 17 -63
46 21 39
46 26 -25
46 35 -79
47 10 -62
47 20 81
47 26 89
47 33 -78
47 39 -4
47 41 -67
47 42 57
48 9 -14
48 27 -94
48 29 46
48 38 45
48 39 3
49 9 -56
49 14 44
49 34 -32
50 17 23
50 32 -57
50 35 81
50 42 43
51 3 82
51 4 -7
51 19 -13
51 22 -56
51 31 -11
51 34 -59
52 1 -19
52 21 29
52 42 -73
53 6 -99
53 14 9
53 21 87
53 24 -25
53 33 10
54 17 -46
54 19 36
54 30 -64
54 37 55
55 4 38
55 13 85
55 14 20
55 19 -42
55 43 -10
56 13 -53
56 28 -25
56 34 95
57 2 -6
57 27 82
57 28 -12
57 29 -77
57 43 13
58 8 53
58 12 -111
59 5 -6
59 19 60
59 24 -57
59 36 -63
59 43 -24
60 8 -49
60 19 -71
60 20 -10
60 30 37

43 36 148
1 2 -42
1 11 -99
1 30 -60
1 31 13
1 35 90
2 10 -2
2 15 -39
2 29 -15
3 5 -57
3 31 -21
4 5 21
4 8 58
5 4 19
5 12 -89
5 14 91
5 17 -35
5 26 -80
5 35 -84
6 1 -1
6 11 61
6 12 -65
6 29 -73
6 30 73
6 36 87
7 13 -50
7 23 81
7 29 9
8 1 -39
8 21 -74
8 36 -27
9 15 -84
9 16 45
9 18 -46
9 25 -86
9 31 -133
10 7 71
10 9 45
10 15 3
10 19 84
11 2 4
11 28 -100
12 15 75
12 18 -100
12 32 -82
13 10 36
13 17 59
13 22 61
13 31 50
14 3 70
14 8 -91
14 16 14
14 23 -88
15 1 74
15 11 -65
16 16 60
16 17 48
17 20 -44
17 21 28
17 22 89
18 6 -9
18 12 -94
18 36 -79
19 7 -10
19 21 -30
20 10 38
20 25 -38
21 2 60
21 9 -139
21 17 46
21 35 91
22 7 75
22 13 50
22 14 45
22 16 -65
22 17 83
23 4 -5
23 14 -43
23 27 -51
23 28 -6
23 32 53
24 12 -35
24 17 -37
24 21 -6
24 35 3
25 17 100
25 25 39
25 33 -35
26 9 -33
26 14 54
26 24 -68
26 27 58
27 13 -55
27 26 10
27 27 -70
27 33 34
27 34 39
28 6 -45
28 9 -30
28 15 10
28 21 -2
28 36 -54
29 3 -53
29 4 100
30 13 12
30 31 45
31 8 36
31 16 59
31 17 -27
31 26 18
32 13 -40
33 1 -70
33 7 94
33 11 -100
33 34 60
33 36 59
34 14 -21
34 29 -77
35 8 55
35 28 -48
36 2 14
36 36 74
37 25 -32
37 32 15
37 34 92
38 4 100
38 30 71
39 9 -66
39 11 58
39 15 -12
39 25 -39
39 28 -15
39 33 34
40 6 62
40 8 18
40 14 91
40 17 -36
40 20 -135
40 23 36
40 26 75
40 28 -53
41 13 51
41 23 20
41 25 57
41 29 83
41 33 100
42 12 -81
42 20 -14
42 30 53
