69 51 335
1 3 -26
1 10 -6
1 18 -6
1 35 -5
1 49 -62
1 50 -53
1 51 -22
2 4 -81
2 7 53
2 12 78
2 13 -67
2 26 -27
2 30 -67
2 33 56
3 4 71
3 14 -56
3 19 18
3 22 43
3 23 -58
3 26 -28
3 28 -4
3 36 -80
3 43 50
3 46 -36
3 47 -83
4 2 25
4 12 93
4 17 -38
4 26 23
5 8 38
5 10 105
5 31 13
5 32 36
5 41 30
5 45 -68
6 11 40
6 17 87
6 31 36
6 36 -28
6 37 -75
6 40 22
6 48 -12
7 1 -13
7 4 52
7 8 -29
7 10 62
7 29 -52
7 38 59
8 1 77
8 10 -79
8 11 35
8 16 9
8 26 -29
8 28 56
8 51 1
9 8 -33
9 9 2
9 11 15
9 17 -44
9 25 -41
9 27 49
9 35 -59
10 8 8
10 20 44
10 37 84
10 41 -63
10 46 -91
11 33 55
11 49 22
12 10 51
12 31 -69
12 36 37
14 6 25
14 17 -92
14 27 144
14 37 -53
14 40 30
14 43 -82
14 44 6
14 49 -91
15 11 81
15 16 -87
15 25 38
15 30 -51
15 43 20
15 49 -59
16 5 100
16 10 -63
16 24 -25
16 28 56
16 30 -67
16 33 39
17 18 83
17 32 -17
17 50 71
18 6 36
18 22 5
18 26 -1
18 34 85
19 6 -15
19 12 -42
19 45 -94
19 48 -93
19 50 -86
20 19 26
20 27 -48
20 33 -95
20 38 37
20 39 88
20 42 -51
21 6 -77
21 10 83
21 17 68
21 27 65
21 46 -64
21 51 -92
22 17 -73
22 18 41
22 34 -46
22 40 3
22 42 -44
22 43 34
23 9 21
23 28 -112
23 32 86
24 6 100
24 18 92
24 21 -69
24 30 16
24 44 -49
24 45 -24
25 18 82
25 41 80
25 51 58
26 2 54
26 17 1
26 23 29
26 28 -78
26 39 98
26 43 -20
27 2 -45
27 12 -71
27 25 53
27 35 54
27 37 -35
27 51 24
28 3 10
28 6 7
28 20 128
28 33 78
28 44 -52
29 5 -86
29 34 44
29 37 -47
29 50 -52
30 5 92
30 7 -78
30 15 84
30 18 74
30 37 -41
31 33 72
31 34 -83
31 48 12
31 50 -51
32 32 75
32 41 44
32 43 3
32 50 -21
33 40 94
34 22 -67
34 25 19
34 33 -87
34 42 -100
34 45 39
35 25 -93
35 41 142
35 51 -45
36 3 93
36 35 -73
36 37 -48
36 44 -69
37 17 2
37 19 81
37 30 -5
38 31 -3
38 37 -21
38 39 89
38 44 63
38 47 -77
39 6 40
39 50 -100
40 1 -8
40 3 -59
40 16 88
40 19 -59
40 22 23
40 48 -56
40 51 -37
41 1 28
41 10 -93
41 13 -47
41 18 47
41 41 29
41 44 -27
42 19 49
42 48 39
43 14 87
43 35 6
43 39 100
44 16 86
44 39 -26
44 43 -29
46 16 49
46 17 -50
46 19 -29
46 23 74
46 26 -95
46 35 -27
46 42 57
47 1 89
47 19 32
47 26 -50
47 30 -92
47 38 -5
47 39 21
47 44 -53
48 2 15
48 16 -89
48 32 71
48 34 -29
48 43 52
48 45 -3
49 4 -38
49 6 74
49 10 76
49 22 49
49 30 79
49 31 69
50 17 6
50 18 -72
50 23 52
50 37 -25
50 41 -47
50 42 -71
51 17 -88
51 31 -61
51 34 85
51 50 -13
52 8 2
52 13 55
52 19 90
52 29 -81
53 10 -4
53 11 -90
53 12 62
53 22 82
53 25 -32
53 30 95
54 2 49
54 4 78
54 25 100
54 26 -72
54 28 -37
54 31 41
54 33 89
54 41 -13
54 44 -69
54 45 20
55 33 -23
56 6 27
56 14 -42
56 26 -32
56 29 63
56 31 -38
56 51 -4
57 11 44
57 13 -59
57 14 60
57 34 83
57 43 -12
57 48 -57
58 17 93
58 25 -31
58 32 -90
58 34 68
58 36 70
58 49 48
59 10 -28
59 11 98
59 33 71
59 37 -4
60 14 -31
60 18 -53
60 43 -56
60 48 -77
61 7 -32
61 9 62
61 38 -57
62 7 89
62 20 67
62 27 4
62 49 -50
63 5 -8
63 27 -38
63 33 94
63 39 -50
63 43 -68
63 48 91
64 3 -74
64 33 -72
64 36 96
65 30 -48
65 38 -86
65 50 -99
66 7 -93
66 10 -54
66 13 -100
66 19 -66
66 30 51
67 12 41
67 26 40
67 33 -22
67 37 -15
67 39 -2
68 11 66
68 12 44
68 19 -59
68 20 13
68 22 -36
68 25 -67
69 4 -89
69 22 50
69 39 82
69 44 89
69 51 -64

51 37 181
1 22 47
1 26 93
1 31 -60
1 32 -36
2 1 -10
2 22 94
2 24 -26
2 28 62
2 33 98
3 4 -10
3 9 7
3 10 8
3 25 -84
3 27 -91
5 3 2
5 20 -60
5 22 66
5 23 -4
6 2 54
6 8 -83
6 31 22
7 1 50
7 28 4
7 36 97
8 10 -70
8 12 -72
8 16 -19
8 18 22
8 22 -25
8 26 18
8 27 -50
8 30 61
8 36 45
9 19 -41
9 20 -53
9 22 -52
9 37 53
10 28 -34
11 15 -51
11 16 -47
11 21 35
12 6 -16
12 36 69
13 11 62
13 12 -80
13 13 -3
13 15 -20
14 2 -100
14 23 -47
14 36 13
15 4 35
15 15 -85
15 19 29
16 10 -22
16 20 33
16 26 30
16 29 54
17 7 11
17 21 -86
17 34 5
18 2 94
18 6 36
18 8 62
18 24 7
18 30 -90
19 5 16
19 6 -39
19 7 99
19 8 -28
19 12 67
19 26 81
19 29 75
19 36 83
20 4 16
20 9 88
20 24 9
21 2 27
21 10 71
21 13 -20
21 15 -72
21 29 -70
21 35 24
22 12 -33
22 29 -95
23 7 32
23 9 65
23 21 49
23 28 -31
24 20 12
24 31 -69
25 6 34
25 8 40
25 10 7
25 26 -71
26 10 60
26 13 29
26 15 5
26 21 -85
27 32 37
28 9 -94
28 17 33
28 18 99
28 19 -31
28 23 -1
28 29 44
29 9 89
29 37 55
30 3 84
30 14 43
30 21 -34
30 25 62
31 6 -6
31 12 -65
31 21 22
31 26 -89
32 1 -3
32 33 -40
32 34 84
33 5 -85
33 22 -1
33 24 -90
33 32 -95
34 4 -44
34 11 74
34 12 -93
34 35 -4
35 9 -55
35 16 -59
35 17 29
35 26 -34
36 9 84
36 26 -92
36 31 5
37 5 -96
37 30 -10
38 7 39
38 10 -87
38 18 -161
38 19 -38
38 22 85
38 25 -98
38 36 93
38 37 -21
39 3 45
39 5 114
39 20 -79
39 30 -30
39 32 -1
39 37 -100
40 10 -7
40 27 -45
40 29 -56
40 32 71
41 16 -48
41 34 -60
42 24 42
43 5 -50
43 12 61
43 16 44
43 20 43
44 20 -16
45 21 71
45 25 28
46 22 -88
47 9 -66
47 10 56
47 23 56
48 1 50
48 15 71
48 29 82
49 10 49
49 16 21
49 17 -1
49 18 -96
49 24 23
49 33 100
49 36 90
50 20 7
50 36 -94
51 3 -32
51 5 69
