50 92 440
1 12 73
1 14 -62
1 17 27
1 30 57
1 31 -93
1 50 31
1 51 -44
1 62 4
1 63 -4
1 77 42
1 87 84
1 91 17
2 5 85
2 12 -95
2 31 -92
2 44 16
3 1 46
3 14 1
3 31 43
3 41 30
3 42 95
3 43 -96
3 51 -45
3 54 -21
3 64 -78
3 67 -49
3 81 19
3 89 65
4 25 77
4 26 -24
4 33 -87
4 60 13
4 92 -27
5 5 82
5 19 50
5 24 -74
5 28 -68
5 29 75
5 33 -89
5 38 24
5 52 -31
5 62 51
5 74 -55
5 85 51
5 91 35
6 4 -79
6 8 133
6 19 -52
6 28 -19
6 47 -90
6 53 41
6 59 63
6 67 73
6 70 23
6 85 68
7 1 18
7 8 2
7 9 51
7 17 97
7 20 -2
7 21 -67
7 29 -30
7 31 -58
7 37 -6
7 41 -2
7 59 98
7 70 90
8 34 41
8 50 -100
8 57 -12
8 76 -67
8 90 27
9 3 61
9 5 -64
9 7 -55
9 8 45
9 12 -16
9 15 -21
9 21 -23
9 24 22
9 58 90
9 88 8
10 2 -23
10 3 -29
10 13 -44
10 17 78
10 32 22
10 33 99
10 54 3
10 73 -171
10 86 -18
10 92 17
11 2 71
11 16 -61
11 17 -14
11 18 91
11 27 32
11 52 -75
11 59 45
11 74 -98
12 2 94
12 24 -3
12 32 -56
12 34 96
12 36 -14
12 43 -55
12 51 100
12 54 30
12 56 -71
12 57 94
12 61 -72
12 79 -54
12 82 -27
12 91 25
13 8 91
13 27 25
13 35 90
13 48 67
13 49 27
13 65 -85
13 77 -50
13 80 -78
13 87 -10
14 2 -33
14 32 -93
14 41 -26
14 42 62
14 47 99
14 52 98
14 62 -11
14 65 94
14 91 79
15 1 -20
15 4 -88
15 7 44
15 13 10
15 36 -82
15 39 80
15 58 -72
15 81 62
15 88 -20
16 12 71
16 18 -31
16 21 20
16 38 71
16 50 -50
16 65 98
16 78 94
16 82 -69
16 84 -26
16 88 -60
16 92 95
17 5 90
17 11 99
17 33 95
17 35 -93
17 58 -35
17 62 -186
18 63 86
18 67 -82
18 75 -14
18 83 -49
19 1 13
19 7 -8
19 34 -25
19 36 -12
19 39 -39
19 54 14
19 59 -14
19 65 5
19 68 18
19 84 11
19 90 -72
20 4 -69
20 10 -20
20 13 18
20 18 -89
20 32 -64
20 44 18
20 75 -64
20 76 -3
21 12 -35
21 19 87
21 27 -55
21 38 -37
21 48 -17
21 66 -24
21 74 40
22 15 -21
22 20 50
22 21 52
22 27 -57
22 28 -47
22 33 52
22 36 53
22 48 -13
22 53 -8
22 62 -41
22 65 -4
22 69 36
22 74 -54
23 13 -29
23 22 66
23 25 52
23 26 -54
23 30 50
23 35 84
23 47 57
23 70 88
23 79 61
24 10 -13
24 28 67
24 31 63
24 55 -90
24 57 60
24 64 -14
25 5 53
25 15 88
25 40 -39
25 45 82
25 50 -82
25 86 100
25 88 -96
26 2 -72
26 20 -61
26 21 10
26 30 -92
26 48 59
26 65 41
26 79 -57
26 87 -5
27 6 60
27 10 47
27 31 -13
27 32 -70
27 63 -100
27 72 61
27 84 -92
28 5 -39
28 26 -61
28 30 -51
28 39 -2
28 46 64
28 50 80
28 55 49
28 62 -18
28 87 42
29 5 -13
29 17 -34
29 31 -46
29 56 -62
29 75 28
30 8 73
30 28 -34
30 36 -17
30 56 29
30 57 49
30 60 -90
30 70 21
30 71 -1
30 74 87
31 13 7
31 29 -156
31 31 -85
31 42 28
31 52 51
31 58 -58
31 60 -62
31 64 -37
31 66 -70
31 87 -40
32 2 11
32 18 -24
32 22 62
32 24 -70
32 31 -33
32 33 81
32 46 -57
32 64 -75
32 72 -10
32 73 3
32 79 80
32 84 -8
32 87 97
33 6 6
33 38 -7
33 46 -82
33 48 41
33 74 -57
33 77 60
34 28 49
34 49 94
34 75 42
35 6 57
35 14 -8
35 40 48
35 47 85
35 52 73
35 61 30
35 70 -49
35 72 -73
35 77 -84
36 15 -5
36 22 74
36 24 13
36 25 21
36 28 -45
36 31 -21
36 53 -64
36 64 41
36 71 100
36 81 -71
36 85 -15
37 40 32
37 48 -74
37 57 10
37 60 -88
37 78 98
37 82 26
38 1 56
38 17 15
38 24 91
38 30 19
38 51 17
38 60 -69
38 79 87
39 11 -83
39 16 -89
39 41 -80
39 42 -1
39 64 -22
39 70 -34
39 77 58
39 86 70
39 90 91
40 7 5
40 12 30
40 19 -17
40 32 22
40 41 -100
40 42 -22
40 44 100
40 64 74
40 69 -38
40 84 -2
40 90 9
41 10 22
41 11 -14
41 12 -82
41 48 -57
41 53 -80
41 59 59
41 69 66
41 70 37
42 14 98
42 21 -76
42 46 -42
42 49 -10
42 52 -47
42 55 90
42 89 -33
42 92 -92
43 14 -4
43 38 88
43 50 -29
43 51 -25
43 54 -89
43 58 -50
43 71 42
43 76 -1
43 87 -18
44 28 68
44 33 75
44 34 25
44 39 -22
44 45 21
44 56 -62
44 75 33
44 78 -7
44 83 6
44 84 52
45 5 32
45 23 -74
45 30 -47
45 35 -31
45 41 16
45 43 71
45 47 3
46 5 -13
46 6 46
46 16 77
46 17 30
46 23 -46
46 30 -42
46 31 -43
46 58 36
46 81 23
47 3 -73
47 7 -65
47 13 -7
47 16 -95
47 47 -80
47 48 18
47 49 -97
47 54 -81
47 57 114
47 67 66
47 84 -8
47 90 32
48 8 -25
48 10 -8
48 36 9
48 38 -34
48 57 68
48 60 20
48 67 -26
48 78 -93
48 86 75
48 88 -25
49 12 76
49 21 -47
49 28 -47
49 41 54
49 47 -91
49 51 -71
49 68 -80
49 73 -64
49 87 -88
49 90 -42
49 91 28
50 1 -38
50 7 56
50 20 -1
50 35 -3
50 65 28
50 67 -92
50 69 -47
50 72 93
50 79 -34
50 82 1

92 61 527
1 3 94
1 7 -1
1 22 -35
1 33 -24
1 37 -11
1 41 -91
1 54 -78
1 59 60
2 5 18
2 22 99
2 25 -86
2 28 56
2 30 -38
2 33 -51
2 45 -10
2 49 90
2 51 85
2 60 86
3 5 -45
3 16 -68
3 21 -70
3 25 13
3 40 55
3 50 -41
3 55 79
3 59 30
4 12 -45
4 19 63
4 55 -98
4 60 49
5 6 -27
5 19 -51
5 22 -47
5 30 -175
5 40 -18
5 51 -18
5 53 54
5 61 -56
6 4 55
6 29 -75
6 56 -29
7 17 -5
7 28 73
7 33 -40
7 38 7
7 61 -64
8 6 22
8 7 -65
8 25 -11
8 32 79
8 37 -25
8 39 -67
8 47 -44
8 59 3
9 26 27
9 60 -12
10 4 127
10 24 45
10 43 99
10 47 -19
10 49 -31
10 50 75
10 57 -26
11 6 79
11 11 -45
11 12 -19
11 22 -94
11 49 69
11 56 31
11 60 80
12 2 43
12 12 -16
12 25 58
12 43 -27
12 49 75
12 54 -26
12 57 17
13 7 53
13 47 52
13 60 -47
14 2 28
14 14 -93
14 15 61
14 23 -93
14 31 47
14 51 -87
15 24 -18
15 49 -37
15 59 50
16 14 5
16 39 39
16 48 21
16 53 48
16 58 66
17 25 -84
17 37 -100
17 39 -7
17 56 50
18 14 50
18 33 57
18 47 -16
18 51 19
18 53 18
19 2 -83
19 40 26
20 10 79
20 13 95
20 31 -69
20 41 60
20 49 -93
21 3 -69
21 8 24
21 21 88
21 48 -96
21 49 24
21 58 96
21 61 -36
22 35 81
22 57 -74
23 1 -53
23 11 -87
23 32 5
23 36 50
23 38 80
23 57 1
24 4 56
24 11 21
24 13 39
24 20 -37
24 31 -77
24 45 -44
24 53 -73
25 1 65
25 2 73
25 8 -5
25 16 -73
25 17 9
25 39 25
25 41 -15
25 42 11
25 43 33
25 50 -89
25 51 17
25 52 -49
26 3 -13
26 4 -13
26 13 -26
26 57 51
27 18 25
27 38 -23
28 14 36
28 19 34
28 22 47
28 24 79
28 28 66
28 33 -76
28 51 90
29 15 59
29 23 25
30 1 86
30 35 -90
30 37 -41
30 38 45
30 41 87
30 45 -39
31 4 -40
31 10 9
31 13 19
31 31 -48
32 21 25
32 23 38
32 37 71
32 42 -38
32 47 -28
32 48 53
32 52 -54
33 11 -51
33 12 -14
33 41 85
33 47 -17
33 48 -81
33 51 44
33 56 35
33 57 -81
33 58 -26
34 10 -4
34 19 5
34 25 48
34 27 -75
34 48 76
34 55 12
34 56 -54
35 9 -40
35 12 79
35 13 -52
35 16 -83
35 29 8
35 32 -54
35 34 80
35 35 96
35 48 53
35 49 6
35 50 -28
36 1 87
36 15 -57
36 25 -21
36 38 59
37 26 -3
37 42 27
37 52 -82
37 53 82
38 12 -3
38 52 -1
39 44 -29
39 45 -24
39 48 -2
39 60 66
40 25 -21
40 49 69
41 20 19
41 38 71
41 56 100
42 3 -60
42 4 15
42 9 -60
42 19 92
42 34 5
42 38 90
42 41 -3
43 8 -97
43 9 31
43 13 66
43 22 -17
43 38 57
43 40 3
43 41 94
43 48 -1
43 54 -67
44 3 -32
44 15 -30
44 33 57
44 42 -62
44 52 33
44 53 95
44 54 38
44 58 -41
44 59 -84
44 61 40
45 3 -72
45 25 -40
45 48 -17
45 52 -4
46 19 -63
46 38 88
46 53 68
47 21 -78
47 23 -147
47 32 -45
47 34 -6
48 7 -43
48 8 -1
48 9 14
48 15 -67
48 35 45
48 41 28
49 3 98
49 7 89
49 26 30
49 27 32
49 29 49
49 32 -23
49 41 18
49 56 12
50 6 -36
50 16 47
50 19 -26
50 20 -8
50 24 -76
50 38 51
50 47 96
51 14 65
51 17 58
51 18 -72
51 30 51
51 47 10
51 51 11
52 11 99
52 39 62
52 59 41
52 61 74
53 3 -50
53 6 -96
53 27 -63
53 41 2
53 44 -85
53 46 -38
53 49 70
54 13 -78
54 29 19
54 32 70
54 45 -62
54 53 5
54 58 18
54 59 70
55 14 -43
55 18 -96
55 28 -20
55 49 89
56 9 95
56 15 49
56 16 -54
56 20 -61
56 21 -99
56 24 -7
56 25 63
56 47 -43
56 50 55
57 8 18
57 19 4
57 20 1
57 23 52
57 33 -83
57 38 -46
57 54 -24
58 14 2
58 18 3
58 33 1
58 36 57
58 49 86
58 51 73
58 60 -46
59 2 -5
59 11 22
59 12 63
59 31 26
59 56 -53
60 27 14
61 16 -73
61 25 -16
61 40 -82
61 43 -52
61 51 -72
61 53 -28
61 59 98
62 9 -51
62 15 59
62 17 2
62 44 -109
62 48 -34
62 57 94
63 5 50
63 8 45
63 22 -87
63 37 22
63 44 -31
63 56 56
63 59 94
64 17 -61
64 31 -81
64 34 -73
64 52 50
64 60 43
65 3 91
65 4 3
65 5 -81
65 25 -19
65 46 -54
66 17 -3
66 34 -96
66 44 66
67 2 36
67 12 122
67 15 70
67 33 54
67 34 -66
67 42 -54
67 50 -79
67 56 79
67 58 32
67 59 37
68 7 -21
68 13 -95
68 15 -95
68 21 -46
68 22 -9
68 41 98
69 6 -5
69 15 44
69 25 -6
69 35 34
69 42 5
69 45 -19
69 47 -24
69 56 -14
70 3 87
70 17 68
70 22 57
70 24 -36
70 25 78
70 29 -19
70 32 77
70 43 35
70 58 3
70 61 -56
71 4 -73
71 20 2
71 21 -66
71 24 85
71 37 -85
71 40 -32
71 54 -6
71 58 42
72 3 33
72 9 32
72 31 70
72 47 21
73 4 28
73 9 -95
73 36 -20
73 38 -59
73 45 -38
73 47 -10
73 55 2
74 20 -23
74 36 -62
74 47 83
74 61 85
75 6 -35
75 23 -90
75 28 -96
75 30 55
75 46 84
75 55 -60
75 56 -18
75 60 35
75 61 -38
76 24 59
76 29 87
76 37 78
76 53 78
76 56 -51
76 58 -93
77 3 -71
77 13 -61
77 36 -89
77 45 -46
77 48 78
78 19 68
78 43 185
78 50 87
78 51 -53
78 53 -88
79 1 -1
79 5 -29
79 17 23
79 27 28
79 49 38
80 6 38
80 7 -33
80 10 71
80 12 72
80 31 68
80 34 72
80 37 -152
80 40 -18
80 47 4
81 5 -72
81 12 -88
81 13 -96
81 16 -14
81 33 -5
82 2 -50
82 4 -93
82 21 100
82 24 29
82 34 76
82 40 34
83 16 70
83 17 96
83 26 -38
83 27 97
83 43 10
83 47 -18
83 57 32
84 7 57
84 9 -66
84 21 -5
84 29 40
84 39 -34
84 58 -94
85 3 65
85 9 96
85 10 -41
85 21 8
85 22 31
85 30 -23
85 48 -52
85 57 -76
85 60 40
86 31 -78
86 57 96
86 61 12
87 4 -82
87 23 19
87 29 -17
87 44 15
87 61 32
88 3 -67
88 13 -59
88 15 -36
88 24 2
88 28 -15
89 2 -13
89 16 41
89 33 68
89 41 -99
89 50 -15
90 30 10
90 35 92
90 45 74
91 5 -74
91 17 -48
91 27 92
91 34 -31
91 54 -15
92 21 -62
92 60 74
