27 27 66
1 3 65
1 10 12
1 21 3
1 23 53
2 19 89
2 21 24
2 24 48
3 6 56
3 9 51
3 16 80
3 18 82
3 24 92
4 1 54
4 2 52
4 10 6
4 15 3
4 16 53
4 20 51
4 23 64
5 6 85
5 14 28
5 18 11
7 25 66
8 8 188
8 17 41
9 9 19
9 13 52
9 18 2
10 2 36
10 9 24
11 2 16
11 12 96
12 2 60
12 3 73
12 15 54
12 25 80
13 4 116
13 9 123
13 13 35
13 18 11
14 25 42
15 13 13
15 23 78
15 26 71
17 1 95
17 2 57
17 20 17
18 9 2
18 15 27
18 16 88
18 20 82
19 18 66
21 2 41
21 14 81
21 25 99
22 4 26
22 16 75
23 5 63
23 27 89
24 3 59
24 24 24
25 11 41
25 16 82
26 19 66
27 5 4
27 7 33

15 12
