36 42 144
1 6 22
1 16 74
1 19 34
1 31 34
2 19 1
2 23 61
2 28 84
2 32 23
2 35 73
3 8 11
3 10 28
3 12 12
3 15 47
4 10 19
4 16 60
4 21 8
4 38 42
5 24 51
5 26 73
6 7 13
6 8 38
6 11 67
6 13 79
6 38 12
7 5 40
7 15 30
7 42 13
8 11 36
9 5 58
10 19 6
10 26 47
10 33 73
10 42 78
11 4 34
11 8 58
11 20 16
11 30 12
11 31 41
11 39 34
12 5 34
12 9 3
12 16 98
12 42 85
13 11 25
13 13 51
13 29 4
13 39 89
14 6 5
14 9 79
14 10 57
14 13 8
14 19 22
14 22 153
15 4 9
15 9 63
15 12 24
15 17 97
15 18 30
15 31 14
15 35 90
16 3 17
16 21 53
16 23 53
16 36 1
17 1 95
17 24 68
17 27 12
17 37 72
18 2 34
18 4 34
18 12 41
18 29 62
18 36 23
19 10 34
19 17 67
19 26 45
20 14 4
20 17 82
20 35 68
21 18 32
21 22 97
21 34 75
22 4 51
22 11 68
22 13 19
22 19 56
22 21 28
22 34 3
22 35 29
22 42 6
23 7 1
23 13 60
23 22 26
23 37 98
23 39 25
24 12 66
24 20 28
24 21 27
24 32 48
24 33 7
25 2 7
25 13 55
25 19 82
25 22 64
25 29 43
25 34 85
25 39 37
26 3 64
26 34 163
27 2 125
27 5 44
27 15 16
27 30 74
28 8 60
28 13 55
28 38 8
29 24 77
29 29 89
29 38 11
30 3 5
30 18 90
30 28 85
30 31 85
30 40 41
31 19 116
32 3 48
32 28 58
32 33 77
32 41 41
33 26 91
34 22 22
34 23 61
34 25 92
34 27 68
34 29 54
34 36 7
34 39 83
34 42 48
35 17 88
35 25 21
35 31 15
35 36 20
36 4 72
36 42 23

19 31
