55 31 163
1 8 92
1 25 66
2 10 85
2 23 60
3 3 35
3 10 26
3 12 65
3 19 100
3 30 21
3 31 96
4 2 28
4 23 24
4 27 13
5 2 44
5 7 16
6 18 19
6 30 28
7 7 43
7 18 60
7 21 11
7 26 82
8 7 74
8 26 80
8 28 87
9 5 20
9 7 18
9 19 85
9 25 91
9 28 87
10 18 57
10 19 72
10 29 50
10 30 12
11 9 45
11 11 20
12 9 28
12 30 36
13 7 42
13 14 5
13 18 74
14 3 71
14 4 13
14 6 26
14 10 37
14 23 10
14 25 67
14 29 90
15 15 16
15 25 64
16 10 49
16 12 47
17 6 66
17 7 54
17 9 52
17 14 83
17 20 87
17 26 74
18 31 76
19 14 54
19 16 83
19 26 42
19 29 38
19 30 17
20 9 29
20 14 50
20 22 91
21 14 92
21 19 64
23 14 86
23 18 118
23 21 33
23 23 49
24 17 45
24 21 51
25 18 115
26 19 12
26 27 60
27 13 64
27 18 71
27 28 9
27 31 83
28 31 23
29 4 20
29 13 62
30 30 62
31 2 57
31 14 15
32 1 67
32 6 17
32 11 42
32 21 18
32 24 14
32 26 1
33 3 98
33 27 20
34 31 46
35 2 61
35 3 97
35 18 49
35 24 22
36 29 84
37 2 19
37 10 15
38 8 36
38 27 52
39 4 45
39 18 25
39 23 53
40 18 75
40 28 19
41 7 62
41 26 2
42 4 86
42 27 67
43 19 67
43 23 31
44 2 27
44 9 82
44 17 12
44 28 38
45 9 45
45 13 29
45 16 11
45 17 34
46 8 3
46 15 152
46 31 13
47 4 73
47 12 77
47 23 15
48 1 15
48 4 30
48 10 63
48 18 26
48 19 73
49 5 42
49 6 82
49 9 97
49 11 94
49 13 22
50 9 29
50 24 86
50 25 87
51 6 3
51 12 92
51 15 51
51 16 86
51 20 41
51 23 29
52 13 88
53 6 75
53 10 14
53 21 61
53 22 30
53 29 24
54 3 21
54 13 69
54 14 4
54 27 68
54 28 22
55 6 45
55 18 44
55 31 91

13 52
