58 47 255
1 9 56
1 15 55
1 16 41
1 26 86
1 27 26
1 31 57
1 40 60
2 1 99
2 18 47
2 22 49
2 32 79
2 38 89
3 17 100
3 25 88
3 43 66
4 16 34
5 4 20
5 10 71
5 11 20
5 13 81
5 15 15
5 22 90
6 5 61
6 17 91
6 46 92
7 5 44
7 31 84
8 22 77
9 6 82
9 31 62
9 44 2
9 46 25
10 18 71
10 20 64
10 23 97
10 40 1
11 16 10
11 23 47
11 27 23
11 28 58
11 39 67
12 1 72
12 10 161
12 16 87
12 19 133
12 22 88
12 23 70
12 24 89
12 46 40
13 3 28
13 13 63
13 15 71
13 20 96
13 23 89
13 24 62
13 25 51
13 39 73
14 10 58
14 17 13
14 22 67
14 25 30
14 33 41
15 1 87
15 13 63
15 21 92
15 23 63
15 40 43
15 42 1
16 15 47
16 21 26
16 42 39
17 6 82
17 7 73
17 8 29
17 26 15
17 27 81
17 34 60
17 39 94
18 16 49
18 32 61
19 4 11
19 5 57
19 7 49
19 11 37
19 24 30
19 41 74
19 46 62
20 4 82
20 8 53
20 18 2
20 21 54
20 22 99
20 44 90
21 9 53
21 16 56
21 26 165
22 1 17
22 27 70
22 33 63
23 6 58
23 22 36
23 25 52
23 42 31
24 4 67
24 5 48
24 13 92
24 29 67
24 31 16
24 34 99
24 44 87
25 4 13
25 12 26
25 26 12
25 29 95
25 34 72
26 4 87
26 10 36
26 16 92
26 20 100
26 30 14
26 37 38
26 44 39
27 13 42
28 7 27
28 9 34
28 18 81
28 19 9
28 28 27
28 33 99
29 16 93
29 24 54
29 39 77
29 46 9
30 14 35
30 35 22
30 37 96
30 45 117
31 47 14
32 16 82
32 22 28
32 28 17
32 39 90
33 5 58
34 2 35
34 17 96
35 13 3
35 15 10
35 25 10
35 31 66
36 18 46
36 26 92
36 28 14
37 17 7
37 18 95
37 24 62
37 28 67
38 7 15
38 18 23
38 28 9
38 31 11
39 14 25
39 20 112
39 21 82
39 31 23
39 35 8
40 2 96
40 4 15
40 15 15
40 19 7
40 33 155
40 40 35
41 4 45
41 6 76
41 8 60
41 14 26
42 3 91
42 9 77
42 10 68
42 38 61
42 46 74
43 6 89
43 10 46
43 11 66
43 13 25
43 46 7
44 12 83
44 37 46
45 1 99
45 10 41
45 14 77
45 21 7
45 22 43
45 34 100
45 38 88
46 3 91
46 7 24
46 16 95
46 19 71
47 8 94
47 13 84
47 36 180
47 47 44
48 15 22
48 17 27
48 21 34
49 19 26
50 11 36
50 12 47
50 30 96
51 28 45
51 36 6
51 42 79
52 8 45
52 9 62
52 20 57
52 30 22
52 34 64
52 36 73
52 37 9
52 40 43
53 6 99
53 19 74
53 31 78
53 35 51
53 36 63
53 46 16
54 17 61
54 45 10
55 2 76
55 3 92
55 11 15
55 16 87
55 41 72
56 2 1
56 12 74
56 14 71
56 19 9
56 23 84
56 27 42
56 28 52
56 33 7
56 35 1
56 40 75
56 42 98
57 9 43
57 15 51
57 41 100
57 42 87
58 4 28
58 7 2
58 9 43
58 12 15
58 19 32
58 34 52
58 38 77

7 58
