39 40 147
1 2 46
1 14 12
1 23 92
1 29 39
1 30 71
1 31 14
1 33 69
1 37 85
2 5 28
2 12 45
2 36 75
2 39 78
3 2 70
3 14 14
3 16 92
3 36 66
3 39 50
4 7 73
4 21 93
4 34 24
5 13 25
5 19 41
6 4 89
7 5 13
7 27 69
8 10 23
8 18 77
8 20 84
8 23 71
8 36 15
8 38 1
9 6 53
9 14 76
9 20 7
10 13 58
10 22 44
11 9 83
11 12 48
12 25 80
12 27 79
13 2 57
13 7 24
13 16 43
13 21 2
13 24 14
13 31 64
13 32 4
14 14 26
14 25 43
14 31 12
14 35 78
15 11 65
15 37 80
15 38 28
16 1 25
16 20 171
16 29 67
17 10 58
17 18 97
18 36 52
18 38 58
19 3 1
19 13 107
19 14 46
19 16 60
19 22 96
20 14 9
20 21 82
20 22 70
20 23 72
20 25 54
20 26 86
21 4 41
21 5 6
21 11 95
21 18 67
21 25 30
21 27 75
21 33 23
21 38 59
23 19 46
23 20 11
23 21 31
23 22 79
23 38 32
23 39 81
24 2 4
24 11 15
24 40 74
25 15 28
26 5 79
26 22 139
26 26 63
26 31 5
26 40 50
27 5 100
27 11 7
27 14 6
27 16 96
28 17 70
28 30 80
28 39 69
29 3 95
29 35 68
29 37 141
30 3 91
30 5 80
30 39 19
31 7 29
31 9 73
31 12 28
31 16 73
31 24 68
31 27 13
31 37 6
32 5 18
32 10 77
32 22 54
32 23 44
32 26 47
32 28 90
32 39 53
33 12 48
33 28 14
34 4 36
34 8 7
34 16 10
34 33 85
34 35 6
35 6 35
35 38 98
36 3 9
36 7 82
36 10 1
37 2 17
37 6 71
37 12 79
37 17 95
37 25 162
37 31 6
37 35 88
38 7 5
38 9 80
38 16 69
38 25 85
39 14 37
39 26 67

14 39
