56 76 407
1 11 78
1 34 31
1 36 26
1 43 28
2 2 13
2 21 54
2 27 14
2 31 37
2 43 61
2 66 5
2 68 31
2 74 69
3 5 23
3 16 18
3 24 91
3 49 87
3 51 30
3 67 47
4 3 32
4 11 3
4 31 70
4 47 84
4 63 71
4 64 99
5 13 35
5 24 57
5 30 41
5 37 54
5 47 92
5 60 25
5 72 59
5 75 17
6 3 67
6 11 57
6 16 17
6 19 99
6 23 98
6 28 48
6 33 65
6 39 12
6 40 24
6 43 82
6 57 50
6 60 79
6 65 94
6 70 71
6 73 27
7 13 13
7 20 8
7 21 37
7 37 74
7 40 9
7 50 24
7 54 70
7 60 95
8 18 89
8 19 51
8 43 6
8 44 96
8 49 84
8 52 23
8 74 82
9 22 46
9 33 21
9 35 3
9 36 28
9 40 3
9 46 20
9 55 20
9 61 27
9 64 78
10 7 5
10 10 92
10 12 9
10 18 69
10 24 71
10 26 92
10 30 87
10 45 78
11 15 15
11 16 5
11 17 64
11 19 11
11 22 63
11 44 142
11 51 12
11 67 4
11 76 44
12 12 80
12 19 85
12 31 83
12 37 15
12 48 30
12 58 29
13 8 21
13 51 47
13 57 2
13 69 14
13 71 96
14 26 55
14 37 99
14 40 22
14 46 104
14 49 38
14 64 79
14 66 86
14 74 55
15 5 12
15 25 45
15 41 51
15 42 59
15 47 81
15 53 46
15 57 16
15 62 36
15 63 71
16 15 12
16 40 94
16 47 30
16 60 60
18 6 20
18 42 11
18 44 100
18 55 96
18 57 118
18 64 76
18 66 52
18 73 81
19 5 92
19 17 91
19 19 26
19 27 91
19 39 46
19 40 12
19 61 38
19 66 20
19 68 70
20 22 29
20 26 43
20 34 63
20 66 19
20 71 6
21 5 41
21 7 81
21 11 39
21 29 66
21 33 46
21 35 57
21 47 10
21 54 49
21 56 48
21 59 74
21 76 115
22 3 6
22 6 64
22 14 68
22 17 18
22 19 44
22 21 42
22 23 71
22 38 88
22 39 4
22 43 96
22 54 80
22 60 70
22 69 53
22 73 52
23 42 31
23 58 100
23 64 23
23 68 52
23 69 56
23 70 76
24 23 100
24 31 31
24 33 80
24 39 76
24 40 19
24 46 35
24 57 39
24 59 83
25 1 99
25 19 51
25 23 99
25 38 89
25 52 91
26 5 22
26 12 92
26 15 65
26 18 98
26 22 60
26 27 67
26 38 96
26 62 100
26 70 91
27 2 77
27 8 38
27 19 55
27 34 95
27 42 78
27 64 79
27 76 77
28 10 43
28 13 44
28 15 85
28 32 22
28 34 76
28 41 89
28 44 81
28 53 72
28 66 5
28 73 20
29 22 84
29 33 11
29 45 4
29 46 93
29 48 20
29 68 45
29 70 32
30 27 49
30 38 27
30 43 78
30 54 100
30 56 65
30 65 73
30 67 17
31 4 95
31 8 7
31 10 68
31 33 91
31 41 50
31 44 56
32 24 121
32 32 83
32 35 88
32 46 73
32 60 79
32 61 8
32 66 5
33 16 84
33 17 31
33 19 33
33 32 36
33 40 78
33 41 61
33 49 28
34 4 100
34 9 97
34 10 81
34 13 51
34 43 89
34 51 24
34 65 25
34 70 29
34 73 11
35 9 16
35 16 1
35 17 52
35 22 5
35 25 95
35 34 24
35 45 63
35 59 92
35 64 31
35 76 40
36 5 78
36 15 66
36 31 38
36 36 35
36 58 3
36 63 82
36 70 63
36 71 77
37 2 29
37 9 66
37 23 7
37 25 79
37 28 83
37 32 20
37 39 86
37 58 61
37 70 90
38 27 69
38 38 11
38 46 75
38 56 41
38 70 90
39 14 7
39 18 34
39 20 58
39 21 51
39 22 12
39 43 22
39 45 81
39 46 33
39 55 84
40 24 35
40 30 69
40 33 40
40 54 6
40 63 9
40 66 21
40 67 92
40 72 21
40 74 38
41 5 10
41 9 62
41 11 86
41 17 32
41 19 55
41 21 4
41 35 9
41 36 10
41 37 8
41 56 75
41 61 12
41 72 49
41 75 28
42 1 81
42 34 3
42 63 18
43 19 100
43 20 80
43 40 21
43 57 93
44 1 50
44 15 46
44 24 57
44 62 52
45 5 26
45 11 91
45 57 27
45 61 53
45 62 17
45 73 26
46 2 33
46 3 10
46 20 5
46 35 14
46 42 49
46 60 49
46 71 43
46 73 8
46 76 62
47 14 69
47 63 33
47 69 1
48 11 3
48 36 55
48 49 85
49 13 73
49 20 2
49 29 65
49 43 1
49 50 60
49 69 64
50 1 60
50 3 91
50 12 61
50 42 23
50 59 81
50 61 6
50 66 22
50 70 19
50 75 49
51 31 28
51 35 26
51 42 81
51 57 79
52 13 86
52 18 3
52 67 25
52 69 61
52 70 2
52 76 77
53 17 3
53 41 10
53 51 98
53 55 81
53 60 78
53 67 39
53 73 47
53 74 44
54 14 191
54 16 42
54 20 73
54 23 62
54 25 60
54 29 97
54 41 16
54 45 73
54 75 23
55 7 55
55 11 71
55 24 43
55 29 73
55 31 6
55 32 71
55 39 8
55 52 24
55 63 52
55 64 67
55 72 83
56 35 74
56 36 24
56 46 43
56 52 87

39 55
