79 90 675
1 14 39
1 19 96
1 34 78
1 43 30
1 55 19
1 57 56
1 67 81
1 89 3
1 90 2
2 46 62
2 60 80
2 73 37
2 76 78
2 90 24
3 19 84
3 39 15
3 53 93
3 57 38
3 58 71
3 61 28
3 71 68
3 77 14
4 5 55
4 17 62
4 43 2
4 46 65
4 55 81
4 61 118
4 73 92
4 76 75
5 16 74
5 19 14
5 22 54
5 34 78
5 59 99
5 66 85
5 84 20
6 2 99
6 46 97
6 48 130
6 56 52
6 61 32
6 66 98
6 67 62
6 82 82
6 84 16
6 89 35
7 3 87
7 5 17
7 8 37
7 14 83
7 25 82
7 28 6
7 51 66
7 52 10
7 61 14
7 78 80
7 80 94
7 87 40
8 4 18
8 8 48
8 14 64
8 25 112
8 35 34
8 36 59
8 48 18
8 58 67
8 71 29
8 74 19
8 75 1
8 81 78
8 84 47
9 1 43
9 6 90
9 12 81
9 37 81
9 52 60
9 57 7
9 66 70
9 75 66
9 77 72
9 85 55
10 14 95
10 24 39
10 31 2
10 72 19
10 75 9
10 88 122
11 25 35
11 31 97
11 32 53
11 35 97
11 41 15
11 45 84
11 49 71
11 65 30
11 66 23
11 69 53
11 77 69
12 2 17
12 9 32
12 17 20
12 29 94
12 30 97
12 38 55
12 48 83
12 59 12
12 79 87
12 81 96
13 26 19
13 36 159
13 42 32
13 65 59
13 69 106
13 83 57
14 4 59
14 13 100
14 24 50
14 25 16
14 62 31
14 75 60
14 78 95
14 79 54
15 1 93
15 2 14
15 13 37
15 32 35
15 38 13
15 54 64
15 60 94
15 61 10
15 64 3
15 66 99
15 69 87
15 80 57
15 90 33
16 16 27
16 21 83
16 54 70
16 71 43
17 2 3
17 11 94
17 15 64
17 29 90
17 37 20
17 39 32
17 44 171
17 56 22
17 59 37
17 64 98
17 67 70
17 76 54
17 80 56
18 6 69
18 20 88
18 29 86
18 31 10
18 42 35
18 52 8
18 57 25
18 62 26
18 77 78
18 83 29
18 84 35
18 90 59
19 16 94
19 51 79
19 58 3
19 66 50
20 5 11
20 10 26
20 32 96
20 45 92
20 48 62
20 69 30
20 80 24
20 88 94
21 4 21
21 9 35
21 26 36
21 37 72
21 52 81
21 57 18
21 61 32
21 71 51
22 3 19
22 27 33
22 33 86
22 34 2
22 72 62
22 78 8
23 34 91
23 40 54
23 48 11
23 55 20
23 61 43
23 64 12
23 70 41
24 42 85
24 43 72
24 59 64
24 66 11
24 87 72
25 11 56
25 28 95
25 37 68
25 38 81
25 39 14
25 51 9
25 57 89
25 64 80
25 66 8
25 79 89
25 89 30
26 11 83
26 13 120
26 18 79
26 30 56
26 52 96
26 55 56
26 56 58
26 87 9
26 90 35
27 9 90
27 11 27
27 16 45
27 17 28
27 23 94
27 24 18
27 26 98
27 30 34
27 43 2
27 44 54
27 61 46
27 66 37
27 75 8
28 2 97
28 28 78
28 29 33
28 44 54
28 47 5
28 52 21
28 60 12
29 3 40
29 12 84
29 20 91
29 25 71
29 39 68
29 46 66
29 61 27
29 81 38
30 31 20
30 33 85
30 36 83
30 45 1
30 52 25
30 57 28
30 80 94
30 81 58
31 9 65
31 15 64
31 37 91
31 38 96
31 42 52
31 43 73
31 45 65
31 52 50
31 56 46
31 79 60
31 87 38
32 5 77
32 13 45
32 14 87
32 21 19
32 32 33
32 34 1
32 60 60
32 70 74
32 72 100
32 81 75
33 6 23
33 11 47
33 16 35
33 27 94
33 37 19
33 43 48
33 48 98
33 52 8
33 53 2
33 60 51
33 63 75
33 74 17
33 76 73
33 81 14
33 82 65
33 85 53
33 86 21
34 3 3
34 19 40
34 50 34
34 53 42
34 57 77
34 58 56
34 61 45
34 76 40
35 16 29
35 26 89
35 40 52
35 73 74
35 78 1
35 89 63
36 10 28
36 18 47
36 26 20
36 27 85
36 38 10
36 39 57
36 43 70
36 47 63
36 61 12
36 68 47
37 10 95
37 41 12
37 51 80
37 71 25
37 72 39
37 73 139
37 89 91
38 5 81
38 11 57
38 15 74
38 21 35
38 28 59
38 39 89
38 43 75
38 46 82
38 50 62
38 53 8
38 82 27
39 21 89
39 40 74
39 47 43
39 57 62
39 71 17
39 88 25
40 5 36
40 6 87
40 10 7
40 13 100
40 35 8
40 39 64
40 64 19
40 72 22
40 76 68
40 80 79
40 85 65
41 4 55
41 14 21
41 57 129
41 58 74
41 65 37
42 1 20
42 8 92
42 11 75
42 31 67
42 34 45
42 39 159
42 46 55
42 59 60
42 70 4
42 85 58
43 32 19
43 34 58
43 54 80
43 59 36
43 62 50
43 66 4
43 78 85
43 80 44
43 84 95
44 4 90
44 6 14
44 46 61
44 50 3
44 51 97
44 54 14
44 85 43
44 87 34
45 17 45
45 26 8
45 30 91
45 33 28
45 34 46
45 53 42
45 61 272
46 15 100
46 19 2
46 26 92
46 53 38
46 54 41
46 64 59
46 67 62
46 70 36
46 76 30
46 77 74
47 3 50
47 4 30
47 8 71
47 19 10
47 27 32
47 53 50
47 80 76
48 23 41
48 28 71
48 29 7
48 61 100
48 65 50
49 1 85
49 22 27
49 49 65
49 73 22
49 88 82
50 12 72
50 19 83
50 30 84
50 37 94
50 62 10
50 73 56
50 84 73
50 90 71
51 1 100
51 2 81
51 3 62
51 11 83
51 19 93
51 21 37
51 22 82
51 28 88
51 33 45
51 39 95
51 41 10
51 44 52
51 61 88
51 62 51
51 67 9
51 87 91
52 10 84
52 27 12
52 30 47
52 43 12
53 16 11
53 21 29
53 22 9
53 23 32
53 27 69
53 29 60
53 36 99
53 45 23
53 60 100
53 69 21
53 73 44
53 74 93
53 80 37
54 16 97
54 19 96
54 36 45
54 46 77
54 50 9
54 80 35
55 47 49
55 48 11
55 68 29
55 73 17
55 79 148
55 84 35
56 2 82
56 31 41
56 59 92
56 62 62
56 65 58
56 87 39
57 19 126
57 20 56
57 27 94
57 38 86
57 50 27
57 82 14
57 84 59
58 14 58
58 21 74
58 22 95
58 25 35
58 31 26
58 86 90
58 88 89
59 4 54
59 20 49
59 28 59
59 55 45
59 61 52
59 67 45
59 77 110
59 80 93
59 82 1
59 88 1
60 3 94
60 11 91
60 22 40
60 23 21
60 39 39
60 50 57
60 85 66
60 87 16
61 5 58
61 9 100
61 26 45
61 36 57
61 42 25
61 51 52
61 52 15
61 58 12
61 60 97
61 66 7
61 86 45
62 1 76
62 10 5
62 26 42
62 48 21
62 54 94
62 56 30
62 60 83
62 62 63
62 63 30
62 83 53
62 85 19
62 88 86
63 5 88
63 12 93
63 32 42
63 68 18
63 85 21
64 5 28
64 6 34
64 21 38
64 32 95
64 50 39
64 57 46
64 71 61
64 80 16
65 3 100
65 15 36
65 18 74
65 24 59
65 36 98
65 43 37
65 64 85
65 69 5
65 82 77
66 12 56
66 21 43
66 26 12
66 45 81
66 54 10
66 57 96
66 63 8
66 67 60
66 78 25
66 81 89
66 82 87
66 89 47
67 7 11
67 8 15
67 87 140
68 3 71
68 13 63
68 42 36
68 60 73
68 61 35
68 63 37
68 67 93
68 72 58
69 2 4
69 4 98
69 18 45
69 41 53
69 43 39
69 50 18
69 55 88
69 56 94
69 61 28
69 65 89
69 73 44
69 74 5
69 89 42
70 1 76
70 16 68
70 18 76
70 19 23
70 24 87
70 33 90
70 48 84
70 55 72
70 56 77
70 70 24
70 71 76
70 75 8
70 79 48
71 11 36
71 23 71
71 28 98
71 35 71
71 39 44
71 48 55
71 81 12
71 87 3
72 10 75
72 13 54
72 21 6
72 41 9
72 54 2
72 84 57
73 26 37
73 56 7
73 66 3
73 79 73
73 81 54
73 88 82
73 90 67
74 3 49
74 16 49
74 25 93
74 27 52
74 30 83
74 42 68
74 49 19
74 54 85
74 74 77
75 4 51
75 10 85
75 13 80
75 32 86
75 37 40
75 46 47
75 59 78
75 67 41
75 71 60
76 11 31
76 16 36
76 30 70
76 43 67
76 50 51
76 65 97
76 70 30
76 72 25
76 74 60
76 86 66
77 17 22
77 21 19
77 25 14
77 36 65
77 44 84
78 13 3
78 23 66
78 24 34
78 43 95
78 46 26
78 48 14
78 56 98
78 64 99
79 2 87
79 33 29
79 52 13
79 56 53
79 70 27
79 86 63

66 73
